0 0 0 0 0 0 0 2 2 0 0 0 0 -4 0 4 -4 2 0 0 0 -2 4 0 0 -1 0 0 0 0 0 0 4 0 0 -2 0 0 0 1 0 16 16 0 1 2 0 0 2 0 0 0 0 0 0 0 0 0 0 0 -4 0 0 -1 0 3 2 3 0 2 0 1 0 0 -2 0 -2 0 4 3 0 0 0 0 0 0 0 0 2 -2 0 0 0 0 1
0 0 0 0 0 0 0 2 2 0 0 0 0 -4 0 4 -4 2 0 0 0 -2 4 0 0 -1 0 0 0 0 0 0 4 0 0 -2 0 0 0 1 0 16 16 0 1 2 0 0 2 0 0 0 0 0 0 0 0 0 0 0 -4 0 0 0 0 2 2 2 0 2 0 1 0 0 -2 0 -2 0 4 4 0 0 1 0 0 0 0 0 2 -2 0 0 0 0 1
-4 -4 0 0 0 0 0 2 2 0 0 0 0 -4 0 4 0 2 0 0 4 -2 4 0 4 -1 0 0 0 0 0 0 0 0 0 -2 0 0 0 1 0 12 16 0 1 2 0 0 2 0 0 0 0 0 0 0 0 0 0 0 0 0 0 -1 0 3 2 3 0 2 0 1 4 0 -2 0 -2 0 4 3 0 0 0 0 0 0 0 0 2 -2 0 0 0 0 1
0 0 0 0 0 0 1.00000000000001 2 0 0 0 0 0 0 0 2.00000000000001 0 2 0 0 0 0 0 0 0 -1 0 0 0 -2 4 0 0 0 2 -1.00000000000001 0 0 4.00000000000001 1 0 6.00000000000007 6.00000000000007 2.00000000000001 1 -2.00000000000001 0 0 2 0 0 0 2 0 0 2 0 0 0 0 0 0 0 -2.00000000000001 0 0 4.00000000000002 2 -2 1.00000000000001 0 1 0 0 -2 0 -2 0 3.00000000000001 1 1.00000000000001 0 0 0 0 0 0 4.00000000000001 0 -2 0 0 0 0 1
-4 -4 0 0 0 0 0 2 2 0 0 0 0 -4 0 4 0 2 0 0 4 -2 4 0 4 -1 0 0 0 0 0 0 0 0 0 -2 0 0 0 1 0 12 16 0 1 2 0 0 2 0 0 0 0 0 0 0 0 0 0 0 0 0 0 0 0 2 2 2 0 2 0 1 4 0 -2 0 -2 0 4 4 0 0 1 0 0 0 0 0 2 -2 0 0 0 0 1
0 0 0 1 1 0 0 1 0 0 0 0 0 -2 1 2 0 2 0 0 0 0 2 0 0 -1 -3 0 0 0 0 2 0 0 0 -1 0 0 4 1 0 7 7 3 1 0 3 0 2 0 0 0 0 0 0 0 0 0 1 0 0 0 0 0 0 0 5 1 0 1 1 1 0 0 -2 0 -2 0 3 2 0 0 0 0 0 0 0 4 0 -1 0 0 0 0 1
0 0 0 0 0 0 1 2 0 0 0 0 0 0 0 2 0 2 0 0 0 0 0 0 0 -1 0 0 0 -2 0 4 0 0 2 -1 0 0 4 1 0 6 6 2 1 -2 0 0 2 0 0 0 2 0 0 2 0 0 0 0 0 0 0 -2 0 0 4 2 -2 1 0 1 0 0 -2 0 -2 0 3 1 1 0 0 0 0 0 0 4 0 -2 0 0 0 0 1
0 0 0 1 1 0 0 1 0 0 0 0 0 -2 1 2 0 2 0 0 0 0 2 0 0 -1 -3 0 0 0 2 0 0 0 0 -1 0 0 4 1 0 7 7 3 1 0 3 0 2 0 0 0 0 0 0 0 0 0 1 0 0 0 0 0 0 0 5 1 0 1 1 1 0 0 -2 0 -2 0 3 2 0 0 0 0 0 0 0 4 0 -1 0 0 0 0 1
0 0 0 0 0 0 0 2 0 0 0 0 0 -4 0 6 -4 2 0 0 0 0 4 0 0 -1 0 0 0 -2 0 0 4 0 2 -3 0 0 0 1 0 26 26 0 1 2 0 0 2 0 0 0 2 0 0 2 0 0 0 0 -4 0 0 -1 0 3 4 5 -2 3 0 1 0 0 -2 0 -2 0 4 3 0 0 0 0 0 0 0 0 2 -2 0 0 0 0 1
0 0 0 0 0 0 0 2 0 0 0 0 0 -2 0 6 0 2 0 0 0 0 2 0 0 -1 0 0 -2 0 2 0 0 0 4 -3 0 2 2 1 0 28 28 0 1 0 0 0 2 0 0 2 4 0 2 0 0 0 0 0 0 0 0 0 0 0 6 2 -4 3 0 1 0 0 -2 0 -2 0 2 2 0 0 1 -2 0 0 0 2 0 -2 0 0 0 0 1
0 0 0 0 0 0 0 2 0 0 0 0 0 -4 0 6 -4 2 0 0 0 0 4 0 0 -1 0 0 0 -2 0 0 4 0 2 -3 0 0 0 1 0 26 26 0 1 2 0 0 2 0 0 0 2 0 0 2 0 0 0 0 -4 0 0 -1 3 0 4 2 -2 3 0 1 0 0 -2 0 -2 0 4 3 0 0 0 0 0 0 0 0 2 -2 0 0 0 0 1
0 0 0 0 0 0 0 2 0 0 0 0 0 0 0 2 -2 4 0 0 0 0 0 0 0 -2 0 0 0 -2 6 0 2 0 2 -1 0 0 4 2 0 6 6 2 2 -2 0 0 4 0 0 0 2 0 0 2 0 0 0 0 -2 0 0 -2 0 0 4 2 -2 1 0 2 0 0 -4 0 -4 0 6 4 0 0 0 0 0 0 0 4 0 -2 0 0 0 0 2
0 0 0 0 0 0 0 2 0 0 0 0 0 -4 0 6 -4 2 0 0 0 0 4 0 0 -1 0 0 0 -2 0 0 4 0 2 -3 0 0 0 1 0 26 26 0 1 2 0 0 2 0 0 0 2 0 0 2 0 0 0 0 -4 0 0 2 0 0 4 2 -2 3 0 1 0 0 -2 0 -2 0 4 6 0 0 3 0 0 0 0 0 2 -2 0 0 0 0 1
0 0 0 0 0 0 0 2 0 0 0 0 0 -4 0 6 -4 2 0 0 0 0 4 0 0 -1 0 0 0 -2 0 0 4 0 2 -3 0 0 0 1 4 26 26 0 1 2 0 0 2 0 0 0 2 0 0 2 0 0 0 0 -4 0 0 2 0 0 4 2 -2 3 0 5 0 0 -2 0 -2 0 0 2 0 0 3 0 0 0 0 0 2 -2 0 0 0 0 1
0 0 0 0 0 0 0 2 0 0 0 0 0 0 0 2 -2 4 0 0 0 0 0 0 0 -2 0 0 0 -2 0 6 2 0 2 -1 0 0 4 2 0 6 6 2 2 -2 0 0 4 0 0 0 2 0 0 2 0 0 0 0 -2 0 0 -2 0 0 4 2 -2 1 0 2 0 0 -4 0 -4 0 6 4 0 0 0 0 0 0 0 4 0 -2 0 0 0 0 2
0 0 0 0 0 0 0 2 0 0 0 -4 0 -4 0 6 -4 2 0 0 0 0 4 0 0 -1 0 0 0 -2 0 0 4 0 2 -3 0 0 0 1 0 42 42 0 1 2 0 0 2 0 0 0 2 0 0 2 0 0 0 0 -4 0 0 2 0 0 4 2 -2 3 0 1 0 0 -2 0 -2 0 0 2 0 0 3 0 0 0 0 0 2 -2 0 0 0 0 1
0 0 0 0 0 0 0 1 0 0 0 0 0 0 0 2 0 2 0 0 0 0 0 0 0 -1 0 0 -1 0 0 3 0 0 2 -1 0 1 2 1 0 9 9 1 1 -1 0 0 2 0 0 1 2 0 1 0 0 0 0 0 0 0 0 -1 0 0 3 1 -2 1 0 1 0 0 -2 0 -2 0 2 1 0 0 0 -1 0 0 0 2 0 -1 0 0 0 0 1
0 0 0 0 0 0 0 2 0 0 4 0 0 -4 0 6 -4 2 0 0 0 0 4 0 0 -1 0 0 0 -2 0 0 4 0 2 -3 0 0 0 1 0 26 26 0 1 2 0 0 2 0 0 0 2 0 0 2 0 0 0 0 -4 0 0 2 0 0 4 2 -2 3 0 1 0 0 -2 0 -2 0 0 2 0 0 3 0 0 0 0 0 2 -2 0 0 0 0 1
0 0 0 0 0 0 0 2 0 0 0 0 0 -4 0 6 -4 2 0 0 0 0 4 0 0 -1 0 0 0 -2 0 0 4 0 2 -3 0 0 0 1 0 26 26 0 1 2 0 0 2 0 0 0 2 0 0 2 0 0 0 0 -4 0 0 0 0 2 4 4 -2 3 0 1 0 0 -2 0 -2 0 4 4 0 0 1 0 0 0 0 0 2 -2 0 0 0 0 1
0 0 0 0 0 0 0 2 0 0 0 0 0 -2 0 6 0 2 0 0 0 0 2 0 0 -1 0 0 -2 0 2 0 0 0 4 -3 0 2 2 1 0 28 28 0 1 0 0 0 2 0 0 2 2 2 0 0 0 0 0 0 0 0 0 0 0 0 6 2 -4 3 0 1 0 0 -2 0 -2 0 2 2 0 0 1 -2 0 0 0 2 0 -2 0 0 0 0 1
0 0 0 0 0 0 0 2 0 0 0 0 0 -2 0 6 0 2 0 0 0 0 2 0 0 -1 0 0 -2 0 0 2 0 0 4 -3 0 2 2 1 0 28 28 0 1 0 0 0 2 0 0 2 2 2 0 0 0 0 0 0 0 0 0 0 0 0 6 2 -4 3 0 1 0 0 -2 0 -2 0 2 2 0 0 1 -2 0 0 0 2 0 -2 0 0 0 0 1
0 0 0 0 0 0 0 2 0 0 0 0 0 -4 0 6 -4 2 0 0 0 0 4 0 0 -1 0 0 0 -2 0 0 4 0 2 -3 0 0 0 1 0 26 26 0 1 2 0 0 2 0 0 0 2 0 0 2 0 0 0 0 -4 0 0 0 2 0 4 2 -2 3 0 1 0 0 -2 0 -2 0 4 4 0 0 1 0 0 0 0 0 2 -2 0 0 0 0 1
0 0 0 0 0 0 0 1 0 0 0 0 0 0 0 2 0 2 0 0 0 0 0 0 0 -1 0 0 -1 0 3 0 0 0 2 -1 0 1 2 1 0 9 9 1 1 -1 0 0 2 0 0 1 2 0 1 0 0 0 0 0 0 0 0 -1 0 0 3 1 -2 1 0 1 0 0 -2 0 -2 0 2 1 0 0 0 -1 0 0 0 2 0 -1 0 0 0 0 1
0 0 0 0 0 0 0 1 0 0 0 0 0 0 0 2 0 2 0 0 0 0 0 0 0 -1 0 0 -1 0 3 0 0 0 2 -1 0 1 2 1 0 9 9 1 1 -1 0 0 2 0 0 1 1 1 0 0 0 0 0 0 0 0 0 -1 0 0 3 1 -2 1 0 1 0 0 -2 0 -2 0 2 1 0 0 0 -1 0 0 0 2 0 -1 0 0 0 0 1
0 0 0 0 0 0 0 2 0 0 0 0 0 -2 0 6 0 2 0 0 0 0 2 0 0 -1 0 0 -2 0 0 2 0 0 4 -3 0 2 2 1 0 28 28 0 1 0 0 0 2 0 0 2 4 0 2 0 0 0 0 0 0 0 0 0 0 0 6 2 -4 3 0 1 0 0 -2 0 -2 0 2 2 0 0 1 -2 0 0 0 2 0 -2 0 0 0 0 1
0 0 0 0 0 0 0 1 0 0 0 0 0 0 0 2 0 2 0 0 0 0 0 0 0 -1 0 0 -1 0 0 3 0 0 2 -1 0 1 2 1 0 9 9 1 1 -1 0 0 2 0 0 1 1 1 0 0 0 0 0 0 0 0 0 -1 0 0 3 1 -2 1 0 1 0 0 -2 0 -2 0 2 1 0 0 0 -1 0 0 0 2 0 -1 0 0 0 0 1
0 0 0 1 1 0 0 1 0 0 0 0 0 -1 1 2 0 2 0 0 0 0 1 0 1 -1 -2 0 0 0 3 0 0 0 0 -1 0 0 3 1 0 6 7 2 1 0 2 0 2 0 0 0 0 0 0 0 0 0 1 0 0 0 0 0 0 0 4 1 0 1 0 1 1 0 -2 0 -2 0 3 2 0 0 0 0 0 0 0 3 0 -1 0 0 0 0 1
0 0 0 1 1 0 0 1 0 0 0 0 0 -1 1 2 0 2 0 0 0 0 1 0 1 -1 -2 0 0 0 0 3 0 0 0 -1 0 0 3 1 0 6 7 2 1 0 2 0 2 0 0 0 0 0 0 0 0 0 1 0 0 0 0 0 0 0 4 1 0 1 0 1 1 0 -2 0 -2 0 3 2 0 0 0 0 0 0 0 3 0 -1 0 0 0 0 1
0 0 0 0 0 0 0 2 -2 0 0 0 0 -4 0 12 0 2 0 0 0 2 4 0 0 -1 0 0 -4 0 0 0 0 0 8 -6 0 4 0 1 0 60 60 0 1 2 0 0 2 0 0 4 8 0 4 0 0 0 0 0 0 0 0 2 0 0 10 4 -8 6 0 1 0 0 -2 0 -2 0 0 2 0 0 3 -4 0 0 0 0 2 -2 0 0 0 0 1
0 0 0 0 0 0 0 2 0 0 0 0 0 -2 0 6 0 2 0 0 0 0 2 0 0 -1 0 0 -2 0 2 0 0 0 4 -3 0 2 2 1 0 28 28 0 1 0 0 0 2 0 0 2 4 0 2 0 0 0 0 0 0 0 0 -1 0 1 6 3 -4 3 0 1 0 0 -2 0 -2 0 2 1 0 0 0 -2 0 0 0 2 0 -2 0 0 0 0 1
-2 -2 0 0 0 0 0 2 0 0 0 0 0 -4 0 6 0 2 0 0 2 0 4 0 0 -1 0 0 -2 0 0 0 0 0 4 -3 0 0 2 1 0 28 28 0 1 0 0 0 2 0 0 2 4 0 2 0 0 0 0 0 0 0 0 0 0 0 6 2 -4 3 2 1 0 0 -2 0 -2 0 2 2 0 0 1 0 0 0 0 2 0 -2 0 0 0 0 1
0 0 0 0 0 0 0 2 0 0 0 0 0 -4 0 6 -4 2 0 0 0 0 4 0 0 -1 0 0 0 -2 0 0 4 0 2 -3 0 0 0 1 0 26 26 0 1 2 0 0 2 0 4 0 6 0 4 2 0 0 0 0 -4 0 0 2 0 0 4 2 -2 3 0 1 0 0 -2 0 -2 0 0 2 0 0 3 0 0 0 0 0 2 -2 0 0 0 0 1
0 0 0 0 0 0 0 2 0 0 0 0 0 -4 0 6 -4 2 0 0 0 0 4 0 0 -1 0 0 0 -2 0 0 4 0 2 -3 0 0 0 1 0 26 26 0 1 2 0 0 2 0 4 0 2 4 0 2 0 0 0 0 -4 0 0 2 0 0 4 2 -2 3 0 1 0 0 -2 0 -2 0 0 2 0 0 3 0 0 0 0 0 2 -2 0 0 0 0 1
0 0 0 0 0 0 0 2 -2 0 0 0 0 -4 0 12 0 2 0 0 0 2 4 0 0 -1 0 0 -4 0 0 0 0 0 8 -6 0 4 0 1 0 60 60 0 1 2 0 0 2 0 0 4 4 4 0 0 0 0 0 0 0 0 0 2 0 0 10 4 -8 6 0 1 0 0 -2 0 -2 0 0 2 0 0 3 -4 0 0 0 0 2 -2 0 0 0 0 1
-2 -2 0 0 0 0 0 2 0 0 0 0 0 -4 0 6 0 2 0 0 2 0 4 0 0 -1 0 0 -2 0 0 0 0 0 4 -3 0 0 2 1 0 28 28 0 1 0 0 0 2 0 0 2 2 2 0 0 0 0 0 0 0 0 0 0 0 0 6 2 -4 3 2 1 0 0 -2 0 -2 0 2 2 0 0 1 0 0 0 0 2 0 -2 0 0 0 0 1
0 0 0 0 0 0 0 2 0 0 0 0 0 0 0 2 0 4 0 0 0 0 0 0 0 -2 -2 0 0 -2 0 6 0 0 2 -1 0 2 6 2 0 6 6 4 2 -2 2 0 4 0 0 0 2 0 0 2 0 0 0 0 0 0 0 -2 0 0 6 2 -2 1 0 2 0 0 -4 0 -4 0 6 4 0 0 0 -2 0 0 0 6 0 -2 0 0 0 0 2
0 0 0 0 0 0 0 1 0 0 0 0 0 0 0 2 0 2 0 0 0 0 0 0 0 -1 0 0 0 -2 4 0 0 0 2 -1 0 0 4 1 0 6 6 2 1 -2 0 0 2 0 0 0 2 0 0 2 0 0 -1 1 0 1 0 -1 0 0 4 1 -2 1 1 1 0 0 -2 0 -2 0 3 2 0 0 0 0 0 0 0 4 0 -1 0 0 0 0 1
0 0 0 1 1 0 0 1 0 0 0 0 0 -2 1 2 -3 2 0 0 0 0 2 0 0 -1 0 0 0 0 0 2 3 0 0 -1 0 -3 1 1 0 7 7 0 1 0 0 0 2 0 0 0 0 0 0 0 0 0 1 0 -3 0 0 0 0 0 2 1 0 1 1 1 0 0 -2 0 -2 0 3 2 0 0 0 3 0 0 0 1 0 -1 0 0 0 0 1
0 0 0 0 0 0 0 2 0 0 0 0 0 -4 0 10 0 2 0 0 0 0 4 0 0 -1 0 0 -4 2 0 0 0 0 6 -5 0 4 0 1 0 50 50 0 1 2 0 0 2 0 0 4 6 0 4 -2 0 0 0 0 0 0 0 2 0 0 8 2 -6 5 0 1 0 0 -2 0 -2 0 0 2 0 0 3 -4 0 0 0 0 2 -2 0 0 0 0 1
0 0 0 0 0 0 0 2 0 0 0 0 0 0 0 2 0 4 0 0 0 0 0 0 0 -2 -2 0 0 -2 6 0 0 0 2 -1 0 2 6 2 0 6 6 4 2 -2 2 0 4 0 0 0 2 0 0 2 0 0 0 0 0 0 0 -2 0 0 6 2 -2 1 0 2 0 0 -4 0 -4 0 6 4 0 0 0 -2 0 0 0 6 0 -2 0 0 0 0 2
0 4 0 0 0 0 0 2 2 -4 0 0 0 -4 0 4 0 2 -4 0 -4 -2 4 4 0 -1 0 0 0 0 0 0 0 0 0 -2 0 4 0 1 0 20 20 0 1 2 0 0 2 0 0 0 0 0 0 0 0 0 0 0 0 0 0 0 0 2 2 2 0 2 0 1 0 0 -2 0 -2 0 4 4 0 0 1 -4 0 0 0 0 2 -2 0 0 0 0 1
0 0 0 0 0 0 0 2 0 0 0 0 0 -2 0 6 0 2 0 0 0 0 2 0 0 -1 0 0 -2 0 2 0 0 0 4 -3 0 2 2 1 0 28 28 0 1 0 0 0 2 0 0 2 4 0 2 0 0 0 0 0 0 0 0 -1 1 0 6 2 -4 3 0 1 0 0 -2 0 -2 0 2 1 0 0 0 -2 0 0 0 2 0 -2 0 0 0 0 1
0 0 0 0 0 0 0 2 0 0 0 0 0 -2 0 6 0 2 0 0 0 0 2 0 0 -1 0 0 -2 0 0 2 0 0 4 -3 0 2 2 1 0 28 28 0 1 0 0 0 2 0 0 2 2 2 0 0 0 0 0 0 0 0 0 -1 0 1 6 3 -4 3 0 1 0 0 -2 0 -2 0 2 1 0 0 0 -2 0 0 0 2 0 -2 0 0 0 0 1
0 0 0 0 0 0 4 2 0 0 0 0 0 -4 0 6 -4 2 0 0 0 0 4 0 0 -1 0 0 0 -2 0 0 4 0 2 -3 0 0 0 1 0 26 26 0 1 2 0 0 2 0 0 0 2 0 0 2 0 0 0 0 -4 0 0 2 0 0 4 2 -2 3 0 1 0 0 -2 0 -2 0 0 2 4 0 7 0 0 0 0 0 2 -2 0 0 0 0 1
0 0 0 0 0 0 0 2 0 0 0 0 0 -2 0 6 0 2 0 0 0 0 2 0 0 -1 0 0 -2 0 0 2 0 0 4 -3 0 2 2 1 0 28 28 0 1 0 0 0 2 0 0 2 2 2 0 0 0 0 0 0 0 0 0 -1 1 0 6 2 -4 3 0 1 0 0 -2 0 -2 0 2 1 0 0 0 -2 0 0 0 2 0 -2 0 0 0 0 1
0 0 0 0 0 0 0 2 4 0 0 0 0 -4 0 2 -4 2 0 0 0 -4 4 0 0 -1 0 0 0 2 0 0 4 0 -2 -1 0 0 0 1 0 6 6 0 1 2 0 0 2 0 0 0 -2 0 0 -2 0 0 0 0 -4 0 0 -1 0 3 0 1 2 1 0 1 0 0 -2 0 -2 0 4 3 0 0 0 0 0 0 0 0 2 -2 0 0 0 0 1
0 3 0 1 1 0 0 1 0 -3 0 0 0 -2 1 2 0 2 -3 0 -3 0 2 3 0 -1 0 0 0 0 0 2 0 0 0 -1 0 0 1 1 0 10 10 0 1 0 0 0 2 0 0 0 0 0 0 0 0 0 1 0 0 0 0 0 0 0 2 1 0 1 1 1 0 0 -2 0 -2 0 3 2 0 0 0 0 0 0 0 1 0 -1 0 0 0 0 1
0 0 0 0 0 0 0 2 0 0 0 0 0 -2 0 6 0 2 0 0 0 0 2 0 0 -1 0 0 -2 0 2 0 0 0 4 -3 0 2 2 1 0 28 28 0 1 0 0 0 2 0 0 2 2 2 0 0 0 0 0 0 0 0 0 -1 0 1 6 3 -4 3 0 1 0 0 -2 0 -2 0 2 1 0 0 0 -2 0 0 0 2 0 -2 0 0 0 0 1
0 0 0 0 0 0 0 2 0 0 0 0 0 -2 0 6 0 2 0 0 0 0 2 0 0 -1 0 0 -2 0 2 0 0 0 4 -3 0 2 2 1 0 28 28 0 1 0 0 0 2 0 0 2 2 2 0 0 0 0 0 0 0 0 0 -1 1 0 6 2 -4 3 0 1 0 0 -2 0 -2 0 2 1 0 0 0 -2 0 0 0 2 0 -2 0 0 0 0 1
0 0 0 1 1 0 0 1 0 0 0 0 0 -2 1 2 -3 2 0 0 0 0 2 0 0 -1 0 0 0 0 2 0 3 0 0 -1 0 -3 1 1 0 7 7 0 1 0 0 0 2 0 0 0 0 0 0 0 0 0 1 0 -3 0 0 0 0 0 2 1 0 1 1 1 0 0 -2 0 -2 0 3 2 0 0 0 3 0 0 0 1 0 -1 0 0 0 0 1
0 4 0 0 0 0 0 2 2 -4 0 0 0 -4 0 4 0 2 -4 0 -4 -2 4 4 0 -1 0 0 0 0 0 0 0 0 0 -2 0 4 0 1 0 20 20 0 1 2 0 0 2 0 0 0 0 0 0 0 0 0 0 0 0 0 0 -1 0 3 2 3 0 2 0 1 0 0 -2 0 -2 0 4 3 0 0 0 -4 0 0 0 0 2 -2 0 0 0 0 1
0 0 0 0 0 0 0 1 0 0 0 0 0 0 0 2 0 2 0 0 0 0 0 0 0 -1 0 0 0 -2 0 4 0 0 2 -1 0 0 4 1 0 6 6 2 1 -2 0 0 2 0 0 0 2 0 0 2 0 0 -1 1 0 1 0 -1 0 0 4 1 -2 1 1 1 0 0 -2 0 -2 0 3 2 0 0 0 0 0 0 0 4 0 -1 0 0 0 0 1
0 0 0 0 0 0 0 2 0 0 0 0 0 -4 0 10 0 2 0 0 0 0 4 0 0 -1 0 0 -4 2 0 0 0 0 6 -5 0 4 0 1 0 50 50 0 1 2 0 0 2 0 0 4 2 4 0 -2 0 0 0 0 0 0 0 2 0 0 8 2 -6 5 0 1 0 0 -2 0 -2 0 0 2 0 0 3 -4 0 0 0 0 2 -2 0 0 0 0 1
0 0 0 0 0 0 0 2 0 0 0 0 0 -2 0 6 0 2 0 0 0 0 2 0 0 -1 0 0 -2 0 0 2 0 0 4 -3 0 2 2 1 0 28 28 0 1 0 0 0 2 0 0 2 4 0 2 0 0 0 0 0 0 0 0 -1 1 0 6 2 -4 3 0 1 0 0 -2 0 -2 0 2 1 0 0 0 -2 0 0 0 2 0 -2 0 0 0 0 1
0 0 0 0 0 0 0 2 0 0 0 0 0 -2 0 6 0 2 0 0 0 0 2 0 0 -1 0 0 -2 0 0 2 0 0 4 -3 0 2 2 1 0 28 28 0 1 0 0 0 2 0 0 2 4 0 2 0 0 0 0 0 0 0 0 -1 0 1 6 3 -4 3 0 1 0 0 -2 0 -2 0 2 1 0 0 0 -2 0 0 0 2 0 -2 0 0 0 0 1
0 0 0 2 2 0 0 2 0 0 0 0 0 -6 2 6 0 2 0 0 0 0 6 0 0 -1 -6 0 0 0 0 0 0 0 0 -3 0 0 6 1 0 24 24 4 1 2 6 0 2 0 0 0 0 0 0 0 0 0 2 0 0 0 0 2 0 0 10 2 0 3 2 1 0 0 -2 0 -2 0 4 4 0 0 1 0 0 0 0 6 0 -2 0 0 0 0 1
0 3 0 1 1 0 0 1 0 -3 0 0 0 -2 1 2 0 2 -3 0 -3 0 2 3 0 -1 0 0 0 0 2 0 0 0 0 -1 0 0 1 1 0 10 10 0 1 0 0 0 2 0 0 0 0 0 0 0 0 0 1 0 0 0 0 0 0 0 2 1 0 1 1 1 0 0 -2 0 -2 0 3 2 0 0 0 0 0 0 0 1 0 -1 0 0 0 0 1
0 0 0 2 2 0 0 2 0 0 0 0 0 -6 2 6 0 2 0 0 0 0 6 0 0 -1 -6 0 0 0 0 0 0 0 0 -3 0 0 6 1 0 24 24 4 1 2 6 0 2 0 0 0 0 0 0 0 0 0 2 0 0 0 0 1 1 0 10 2 0 3 2 1 0 0 -2 0 -2 0 4 3 0 0 0 0 0 0 0 6 0 -2 0 0 0 0 1
0 0 0 2 2 0 0 2 0 0 0 0 0 -6 2 6 0 2 0 0 0 0 6 0 0 -1 -6 0 0 0 0 0 0 0 0 -3 0 0 6 1 0 24 24 4 1 2 6 0 2 0 0 0 0 0 0 0 0 0 2 0 0 0 0 1 0 1 10 3 0 3 2 1 0 0 -2 0 -2 0 4 3 0 0 0 0 0 0 0 6 0 -2 0 0 0 0 1
0 0 0 0 0 0 0 4 0 0 0 0 0 -6 0 12 0 2 0 0 0 0 6 0 0 -1 0 0 -4 0 0 0 0 -2 8 -6 0 4 4 1 0 56 56 0 1 0 0 0 2 0 0 4 8 0 4 0 0 0 0 0 0 0 2 0 0 2 12 6 -8 6 0 1 0 0 -2 0 -2 0 2 2 0 0 1 -4 0 0 0 4 0 -4 0 0 0 0 1
0 0 0 0 0 0 0 4 0 0 0 0 0 -6 0 12 0 2 0 0 0 0 6 0 0 -1 0 0 -4 0 0 0 0 -2 8 -6 0 4 4 1 0 56 56 0 1 0 0 0 2 0 0 4 8 0 4 0 0 0 0 0 0 0 2 2 0 0 12 4 -8 6 0 1 0 0 -2 0 -2 0 2 4 0 0 3 -4 0 0 0 4 0 -4 0 0 0 0 1
-2 -2 0 0 0 0 0 2 0 0 0 0 0 0 0 2 0 4 0 0 2 0 0 0 2 -2 0 0 0 -2 6 0 0 0 2 -1 0 0 4 2 0 4 6 2 2 -2 0 0 4 0 0 0 2 0 0 2 0 0 0 0 0 0 0 -2 0 0 4 2 -2 1 0 2 2 0 -4 0 -4 0 6 4 0 0 0 0 0 0 0 4 0 -2 0 0 0 0 2
0 0 0 0 0 0 0 4 0 0 0 0 0 -6 0 14 0 2 0 0 0 0 6 0 0 -1 0 0 -4 0 0 0 0 0 8 -7 0 4 2 1 0 66 66 0 1 2 0 0 2 0 0 4 8 0 4 0 0 0 0 0 0 0 0 -1 0 3 12 7 -8 7 0 1 0 0 -2 0 -2 0 2 1 0 0 0 -4 0 0 0 2 2 -4 0 0 0 0 1
-3 0 0 1 1 0 0 1 0 -3 0 0 0 -5 1 2 0 2 -3 0 0 0 5 3 0 -1 0 0 0 0 0 -1 0 0 0 -1 0 -3 1 1 0 10 10 0 1 0 0 0 2 0 0 0 0 0 0 0 0 0 1 0 0 0 0 0 0 0 2 1 0 1 4 1 0 0 -2 0 -2 0 3 2 0 0 0 3 0 0 0 1 0 -1 0 0 0 0 1
-5 -5 0 1 1 0 0 1 0 0 0 0 0 -4 1 2 0 2 0 0 5 0 4 0 3 -1 0 0 0 0 0 0 0 0 0 -1 0 -5 1 1 0 4 7 0 1 0 0 0 2 0 0 0 0 0 0 0 0 0 1 0 0 0 0 0 0 0 2 1 0 1 3 1 3 0 -2 0 -2 0 3 2 0 0 0 5 0 0 0 1 0 -1 0 0 0 0 1
0 0 0 0 0 0 0 4 0 0 0 -2 0 -6 0 14 0 2 0 0 0 0 6 0 0 -1 0 0 -4 0 0 0 0 0 8 -7 0 4 2 1 0 74 74 0 1 2 0 0 2 0 0 4 8 0 4 0 0 0 0 0 0 0 0 2 0 0 12 4 -8 7 0 1 0 0 -2 0 -2 0 0 2 0 0 3 -4 0 0 0 2 2 -4 0 0 0 0 1
-2 -2 0 0 0 0 0 2 0 0 0 0 0 -4 0 6 0 2 0 0 2 0 4 0 0 -1 0 0 -2 0 0 0 0 0 4 -3 0 0 2 1 0 28 28 0 1 0 0 0 2 0 0 2 2 2 0 0 0 0 0 0 0 0 0 -1 1 0 6 2 -4 3 2 1 0 0 -2 0 -2 0 2 1 0 0 0 0 0 0 0 2 0 -2 0 0 0 0 1
0 0 0 3 3 0 0 1 0 0 0 0 0 -1 3 6 0 2 0 0 0 0 1 0 5 -1 0 0 0 0 7 0 0 0 0 -3 0 -4 3 1 0 16 21 0 1 0 0 0 2 0 0 0 0 0 0 0 0 0 1 2 0 2 0 2 0 0 6 1 0 3 0 1 5 0 -2 0 -2 0 3 2 0 0 0 4 0 0 0 3 0 -1 0 0 0 0 1
-2 -2 0 0 0 0 0 2 0 0 0 0 0 0 0 2 0 4 0 0 2 0 0 0 2 -2 0 0 0 -2 0 6 0 0 2 -1 0 0 4 2 0 4 6 2 2 -2 0 0 4 0 0 0 2 0 0 2 0 0 0 0 0 0 0 -2 0 0 4 2 -2 1 0 2 2 0 -4 0 -4 0 6 4 0 0 0 0 0 0 0 4 0 -2 0 0 0 0 2
0 0 0 0 0 0 0 4 0 0 0 0 0 -6 0 14 0 2 0 0 0 0 6 0 0 -1 0 0 -4 0 0 0 0 0 8 -7 0 4 2 1 0 66 66 0 1 2 0 0 2 0 2 4 10 0 6 0 0 0 0 0 0 0 0 2 0 0 12 4 -8 7 0 1 0 0 -2 0 -2 0 0 2 0 0 3 -4 0 0 0 2 2 -4 0 0 0 0 1
0 0 0 0 0 0 0 4 0 0 1.99999999999999 0 0 -5.99999999999999 0 14 0 2 0 0 0 0 5.99999999999999 0 0 -1 0 0 -4 0 0 0 0 0 8 -6.99999999999999 0 3.99999999999999 2.00000000000001 1 0 65.9999999999999 65.9999999999999 0 1 1.99999999999999 0 0 2 0 0 4 4 4 0 0 0 0 0 0 0 0 0 1.99999999999999 0 0 12 4 -8 6.99999999999999 0 1 0 0 -2 0 -2 0 0 1.99999999999999 0 0 2.99999999999999 -3.99999999999999 0 0 0 2.00000000000001 1.99999999999999 -4 0 0 0 0 1
0 0 0 0 0 0 0 4 0 0 0 0 0 -6 0 14 0 2 0 0 0 0 6 0 0 -1 0 0 -4 0 0 0 0 0 8 -7 0 4 2 1 0 66 66 0 1 2 0 0 2 0 0 4 8 0 4 0 0 0 0 0 0 0 0 -1 3 0 12 4 -8 7 0 1 0 0 -2 0 -2 0 2 1 0 0 0 -4 0 0 0 2 2 -4 0 0 0 0 1
0 0 0 0 0 0 0 4 0 0 1.99999999999988 0 0 -5.99999999999989 0 13.9999999999998 0 2 0 0 0 0 5.99999999999989 0 0 -1 0 0 -4.00000000000001 0 0 0 0 0 8 -6.99999999999989 0 3.99999999999989 2.00000000000011 1 0 65.999999999999 65.999999999999 0 1 1.99999999999989 0 0 2 0 0 4.00000000000001 8 0 4 0 0 0 0 0 0 0 0 1.99999999999989 0 0 11.9999999999999 4 -8 6.99999999999989 0 1 0 0 -2 0 -2 0 0 1.99999999999989 0 0 2.99999999999989 -3.99999999999989 0 0 0 2.00000000000011 1.99999999999989 -4 0 0 0 0 1
0 0 0 0 0 0 0 4 0 0 0 0 0 -6 0 12 0 2 0 0 0 0 6 0 0 -1 0 0 -4 0 0 0 0 -2 8 -6 0 4 4 1 0 56 56 0 1 0 0 0 2 0 0 4 8 0 4 0 0 0 0 0 0 0 2 -1 0 3 12 7 -8 6 0 1 0 0 -2 0 -2 0 2 1 0 0 0 -4 0 0 0 4 0 -4 0 0 0 0 1
0 0 0 0 0 0 0 4 0 0 0 0 0 -6 0 14 0 2 0 0 0 0 6 0 0 -1 0 0 -4 0 0 0 0 0 8 -7 0 4 2 1 0 66 66 0 1 2 0 0 2 0 0 4 8 0 4 0 0 0 0 0 0 0 0 0 0 2 12 6 -8 7 0 1 0 0 -2 0 -2 0 2 2 0 0 1 -4 0 0 0 2 2 -4 0 0 0 0 1
0 0 0 1 1 0 0 1 0 0 0 0 0 -1 1 2 -2 2 0 0 0 0 1 0 1 -1 0 0 0 0 3 0 2 0 0 -1 0 -2 1 1 0 6 7 0 1 0 0 0 2 0 0 0 0 0 0 0 0 0 1 0 -2 0 0 0 0 0 2 1 0 1 0 1 1 0 -2 0 -2 0 3 2 0 0 0 2 0 0 0 1 0 -1 0 0 0 0 1
-2 -2 0 0 0 0 0 2 0 0 0 0 0 -4 0 6 0 2 0 0 2 0 4 0 0 -1 0 0 -2 0 0 0 0 0 4 -3 0 0 2 1 0 28 28 0 1 0 0 0 2 0 0 2 2 2 0 0 0 0 0 0 0 0 0 -1 0 1 6 3 -4 3 2 1 0 0 -2 0 -2 0 2 1 0 0 0 0 0 0 0 2 0 -2 0 0 0 0 1
0 0 0 0 0 0 0 4 0 0 0 0 0 -6 0 14 0 2 0 0 0 0 6 0 0 -1 0 0 -4 0 0 0 0 0 8 -7 0 4 2 1 0 66 66 0 1 2 0 0 2 0 0 4 4 4 0 0 0 0 0 0 0 0 0 0 0 2 12 6 -8 7 0 1 0 0 -2 0 -2 0 2 2 0 0 1 -4 0 0 0 2 2 -4 0 0 0 0 1
0 0 0 0 0 0 0 4 0 0 0 0 0 -6 0 14 0 2 0 0 0 0 6 0 0 -1 0 0 -4 0 0 0 0 0 8 -7 0 4 2 1 0 66 66 0 1 2 0 0 2 0 0 4 8 0 4 0 0 0 0 0 0 0 0 2 0 0 12 4 -8 7 0 1 0 0 -2 0 -2 0 2 4 0 0 3 -4 0 0 0 2 2 -4 0 0 0 0 1
0 0 0 0 0 0 0 4 0 0 0 -2 0 -6 0 12 0 2 0 0 0 0 6 0 0 -1 0 0 -4 0 0 0 0 -2 8 -6 0 4 4 1 0 64 64 0 1 0 0 0 2 0 0 4 8 0 4 0 0 0 0 0 0 0 2 2 0 0 12 4 -8 6 0 1 0 0 -2 0 -2 0 0 2 0 0 3 -4 0 0 0 4 0 -4 0 0 0 0 1
0 0 0 1 1 0 0 1 0 0 0 0 0 -6 1 6 -4 2 0 0 0 0 6 0 0 -1 -3 0 0 0 0 -2 4 0 0 -3 0 0 0 1 0 27 27 0 1 4 3 0 2 0 0 0 0 0 0 0 0 0 1 0 -4 0 0 0 4 0 5 1 0 3 1 1 0 0 -2 0 -2 0 3 2 0 0 0 0 0 0 0 0 1 -1 0 0 0 0 1
0 0 0 1 1 0 0 1 0 0 0 0 0 -3 1 3 -4 2 0 0 0 0 3 0 0 -1 0 0 0 0 1 0 4 0 0 -1.5 0 -3 0 1 0 12 12 0 1 1 0 0 2 0 0 0 0 0 0 0 0 0 1 0 -4 0 0 0 0 1 2 2 0 1.5 1 1 0 0 -2 0 -2 0 3 2 0 0 0 3 0 0 0 0 1 -1 0 0 0 0 1
0 0 0 4 4 0 0 1 0 0 0 0 0 0 4 7 0 4 0 0 0 0 0 0 7 -2 0 0 0 0 12 0 0 0 0 -3.5 0 -5 5 2 0 16 23 1 2 -1 0 0 4 0 0 0 0 0 0 0 0 0 1 3 0 3 0 2 0 0 8 1 0 3.5 0 2 7 0 -4 0 -4 0 5 3 0 0 0 5 0 0 0 5 0 -1 0 0 0 0 2
0 0 0 0 0 0 0 4 0 0 0 0 0 -6 0 12 0 2 0 0 0 0 6 0 0 -1 0 0 -4 0 0 0 0 -2 8 -6 0 4 4 1 0 56 56 0 1 0 0 0 2 0 2 4 10 0 6 0 0 0 0 0 0 0 2 2 0 0 12 4 -8 6 0 1 0 0 -2 0 -2 0 0 2 0 0 3 -4 0 0 0 4 0 -4 0 0 0 0 1
0 0 0 0 0 0 0 4 0 0 0 0 0 -6 0 14 0 2 0 0 0 0 6 0 0 -1 0 0 -4 0 0 0 0 0 8 -7 0 4 2 1 0 66 66 0 1 2 0 0 2 0 0 4 4 4 0 0 0 0 0 0 0 0 0 2 0 0 12 4 -8 7 0 1 0 0 -2 0 -2 0 2 4 0 0 3 -4 0 0 0 2 2 -4 0 0 0 0 1
0 0 0 0 0 0 0 4 0 0 0 0 0 -6 0 12 0 2 0 0 0 0 6 0 0 -1 0 0 -4 0 0 0 0 -2 8 -6 0 4 4 1 0 56 56 0 1 0 0 0 2 0 0 4 8 0 4 0 0 0 0 0 0 0 2 -1 3 0 12 4 -8 6 0 1 0 0 -2 0 -2 0 2 1 0 0 0 -4 0 0 0 4 0 -4 0 0 0 0 1
-2 -2 0 0 0 0 0 2 0 0 0 0 0 -4 0 6 0 2 0 0 2 0 4 0 0 -1 0 0 -2 0 0 0 0 0 4 -3 0 0 2 1 0 28 28 0 1 0 0 0 2 0 0 2 4 0 2 0 0 0 0 0 0 0 0 -1 1 0 6 2 -4 3 2 1 0 0 -2 0 -2 0 2 1 0 0 0 0 0 0 0 2 0 -2 0 0 0 0 1
0 0 0 0 0 0 0 4 0 0 0 0 0 -6 0 14 0 2 0 0 0 0 6 0 0 -1 0 0 -4 0 0 0 0 0 8 -7 0 4 2 1 0 66 66 0 1 2 0 0 2 0 2 4 4 6 0 0 0 0 0 0 0 0 0 2 0 0 12 4 -8 7 0 1 0 0 -2 0 -2 0 0 2 0 0 3 -4 0 0 0 2 2 -4 0 0 0 0 1
0 0 0 1 1 0 0 4 0 0 0 0 0 -5 1 11 0 2 0 0 0 0 5 0 0 -1 0 0 -3 0 0 2 0 0 6 -5.5 0 0 4 1 0 49 49 0 1 0 0 0 2 0 0 3 6 0 3 0 0 0 1 0 0 0 0 0 0 0 11 4 -6 5.5 1 1 0 0 -2 0 -2 0 3 2 0 0 0 0 0 0 0 4 0 -4 0 0 0 0 1
0 0 0 0 0 0 0 4 0 0 0 0 0 -6 0 12 0 2 0 0 0 0 6 0 0 -1 0 0 -4 0 0 0 0 -2 8 -6 0 4 4 1 0 56 56 0 1 0 0 0 2 0 0 4 8 0 4 0 0 0 0 0 0 0 2 0 2 0 12 4 -8 6 0 1 0 0 -2 0 -2 0 2 2 0 0 1 -4 0 0 0 4 0 -4 0 0 0 0 1
0 0 0 4 4 0 0 4 0 0 0 -6 0 -10 4 14 0 2 0 0 0 0 10 0 4 -1 -8 0 0 0 0 0 0 0 0 -7 0 0 6 1 0 78 82 2 1 6 8 0 2 0 0 0 0 0 0 0 0 0 4 0 0 0 0 6 0 0 16 4 0 7 0 1 4 0 -2 0 -2 0 0 2 0 0 3 0 0 0 0 6 0 -4 0 0 0 0 1
-4 -4 0 0 0 0 0 2 0 0 4 0 0 -4 0 6 0 2 0 0 4 0 4 0 4 -1 0 0 0 -2 0 0 0 0 2 -3 0 0 0 1 0 22 26 0 1 2 0 0 2 0 0 0 2 0 0 2 0 0 0 0 0 0 0 2 0 0 4 2 -2 3 0 1 4 0 -2 0 -2 0 0 2 0 0 3 0 0 0 0 0 2 -2 0 0 0 0 1
0 6 0 2 2 0 0 2 0 -6 0 0 0 -6 2 6 0 2 -6 0 -6 0 6 6 0 -1 0 0 0 0 0 0 0 0 0 -3 0 0 0 1 0 30 30 0 1 2 0 0 2 0 0 0 0 0 0 0 0 0 2 0 0 0 0 1 1 0 4 2 0 3 2 1 0 0 -2 0 -2 0 4 3 0 0 0 0 0 0 0 0 2 -2 0 0 0 0 1
-4 -4 0 0 0 0 0 2 0 0 0 -4 0 -4 0 6 0 2 0 0 4 0 4 0 4 -1 0 0 0 -2 0 0 0 0 2 -3 0 0 0 1 0 38 42 0 1 2 0 0 2 0 0 0 2 0 0 2 0 0 0 0 0 0 0 2 0 0 4 2 -2 3 0 1 4 0 -2 0 -2 0 0 2 0 0 3 0 0 0 0 0 2 -2 0 0 0 0 1
0 0 0 0 0 0 0 4 0 0 0 0 0 -6 0 12 0 2 0 0 0 0 6 0 0 -1 0 0 -4 0 0 0 0 -2 8 -6 0 4 4 1 2 56 56 0 1 0 0 0 2 0 0 4 8 0 4 0 0 0 0 0 0 0 2 2 0 0 12 4 -8 6 0 3 0 0 -2 0 -2 0 0 2 0 0 3 -4 0 0 0 4 0 -4 0 0 0 0 1
0 0 0 2 2 0 0 2 0 0 0 0 0 -6 2 6 -6 2 0 0 0 0 6 0 0 -1 0 0 0 0 0 0 6 0 0 -3 0 -6 0 1 0 24 24 0 1 2 0 0 2 0 0 0 0 0 0 0 0 0 2 0 -6 0 0 2 0 0 4 2 0 3 2 1 0 0 -2 0 -2 0 4 4 0 0 1 6 0 0 0 0 2 -2 0 0 0 0 1
0 0 0 0 0 0 0 4 0 0 0 0 0 -6 0 12 0 2 0 0 0 0 6 0 0 -1 0 0 -4 0 0 0 0 -2 8 -6 0 4 4 1 0 56 56 0 1 0 0 0 2 0 0 4 4 4 0 0 0 0 0 0 0 0 2 -1 0 3 12 7 -8 6 0 1 0 0 -2 0 -2 0 2 1 0 0 0 -4 0 0 0 4 0 -4 0 0 0 0 1
-2 -2 0 0 0 0 0 2 0 0 0 0 0 -4 0 6 0 2 0 0 2 0 4 0 0 -1 0 0 -2 0 0 0 0 0 4 -3 0 0 2 1 0 28 28 0 1 0 0 0 2 0 0 2 4 0 2 0 0 0 0 0 0 0 0 -1 0 1 6 3 -4 3 2 1 0 0 -2 0 -2 0 2 1 0 0 0 0 0 0 0 2 0 -2 0 0 0 0 1
0 0 0 0 0 0 0 4 0 0 0 0 0 -6 0 14 0 2 0 0 0 0 6 0 0 -1 0 0 -4 0 0 0 0 0 8 -7 0 4 2 1 2 66 66 0 1 2 0 0 2 0 0 4 8 0 4 0 0 0 0 0 0 0 0 2 0 0 12 4 -8 7 0 3 0 0 -2 0 -2 0 0 2 0 0 3 -4 0 0 0 2 2 -4 0 0 0 0 1
-4 -4 0 0 0 0 0 2 0 0 0 0 0 -4 0 6 0 2 0 0 4 0 4 0 4 -1 0 0 0 -2 0 0 0 0 2 -3 0 0 0 1 0 22 26 0 1 2 0 0 2 0 0 0 2 0 0 2 0 0 0 0 0 0 0 2 0 0 4 2 -2 3 0 1 4 0 -2 0 -2 0 4 6 0 0 3 0 0 0 0 0 2 -2 0 0 0 0 1
0 0 0 0 0 0 0 4 0 0 2 0 0 -6 0 12 0 2 0 0 0 0 6 0 0 -1 0 0 -4 0 0 0 0 -2 8 -6 0 4 4 1 0 56 56 0 1 0 0 0 2 0 0 4 8 0 4 0 0 0 0 0 0 0 2 2 0 0 12 4 -8 6 0 1 0 0 -2 0 -2 0 0 2 0 0 3 -4 0 0 0 4 0 -4 0 0 0 0 1
0 0 0 0 0 0 0 4 0 0 0 0 0 -6 0 12 0 2 0 0 0 0 6 0 0 -1 0 0 -4 0 0 0 0 -2 8 -6 0 4 4 1 0 56 56 0 1 0 0 0 2 0 0 4 4 4 0 0 0 0 0 0 0 0 2 -1 3 0 12 4 -8 6 0 1 0 0 -2 0 -2 0 2 1 0 0 0 -4 0 0 0 4 0 -4 0 0 0 0 1
-4 -4 0 0 0 0 0 2 0 0 0 0 0 -4 0 6 0 2 0 0 4 0 4 0 4 -1 0 0 0 -2 0 0 0 0 2 -3 0 0 0 1 0 22 26 0 1 2 0 0 2 0 0 0 2 0 0 2 0 0 0 0 0 0 0 0 0 2 4 4 -2 3 0 1 4 0 -2 0 -2 0 4 4 0 0 1 0 0 0 0 0 2 -2 0 0 0 0 1
0 0 0 0 0 0 0 4 0 0 0 0 0 -6 0 14 0 2 0 0 0 0 6 0 0 -1 0 0 -4 0 0 0 0 0 8 -7 0 4 2 1 0 66 66 0 1 2 0 0 2 0 0 4 4 4 0 0 0 0 0 0 0 0 0 -1 3 0 12 4 -8 7 0 1 0 0 -2 0 -2 0 2 1 0 0 0 -4 0 0 0 2 2 -4 0 0 0 0 1
0 0 0 2 2 0 0 2 0 0 0 0 0 0 2 2 0 8 0 0 0 0 0 0 2 -4 -6 0 0 0 12 0 0 0 0 -1 0 2 10 4 0 2 4 8 4 -2 6 0 8 0 0 0 0 0 0 0 0 0 2 0 0 0 0 -2 0 0 10 2 0 1 0 4 2 0 -8 0 -8 0 10 6 0 0 0 -2 0 0 0 10 0 -2 0 0 0 0 4
0 0 0 1 1 0 0 4 0 0 0 0 0 -5 1 11 0 2 0 0 0 0 5 0 0 -1 0 0 -3 0 2 0 0 0 6 -5.5 0 0 4 1 0 49 49 0 1 0 0 0 2 0 0 3 6 0 3 0 0 0 1 0 0 0 0 0 0 0 11 4 -6 5.5 1 1 0 0 -2 0 -2 0 3 2 0 0 0 0 0 0 0 4 0 -4 0 0 0 0 1
0 0 0 2 2 0 1 2 0 0 0 0 0 0 2 2 0 6 0 0 0 0 0 0 2 -3 -4 0 0 0 0 10 0 0 0 -1 0 0 8 3 0 2 4 6 3 -2 4 0 6 0 0 0 0 0 0 0 0 0 2 0 0 0 0 -2 0 0 8 2 0 1 0 3 2 0 -6 0 -6 0 7 3 1 0 0 0 0 0 0 8 0 -2 0 0 0 0 3
0 2 0 1 1 0 0 1 0 -2 0 0 0 -1 1 2 0 2 -2 0 -2 0 1 2 1 -1 0 0 0 0 3 0 0 0 0 -1 0 0 1 1 0 8 9 0 1 0 0 0 2 0 0 0 0 0 0 0 0 0 1 0 0 0 0 0 0 0 2 1 0 1 0 1 1 0 -2 0 -2 0 3 2 0 0 0 0 0 0 0 1 0 -1 0 0 0 0 1
0 0 0 2 2 0 1 2 0 0 0 0 0 0 2 2 0 6 0 0 0 0 0 0 2 -3 -4 0 0 0 10 0 0 0 0 -1 0 0 8 3 0 2 4 6 3 -2 4 0 6 0 0 0 0 0 0 0 0 0 2 0 0 0 0 -2 0 0 8 2 0 1 0 3 2 0 -6 0 -6 0 7 3 1 0 0 0 0 0 0 8 0 -2 0 0 0 0 3
-4 -4 0 0 0 0 0 2 0 0 0 0 0 -4 0 6 0 2 0 0 4 0 4 0 4 -1 0 0 0 -2 0 0 0 0 2 -3 0 0 0 1 4 22 26 0 1 2 0 0 2 0 0 0 2 0 0 2 0 0 0 0 0 0 0 2 0 0 4 2 -2 3 0 5 4 0 -2 0 -2 0 0 2 0 0 3 0 0 0 0 0 2 -2 0 0 0 0 1
0 0 0 3 3 0 0 2 0 0 0 0 0 0 3 4 0 8 0 0 0 0 0 0 4 -4 -5 0 0 0 14 0 0 0 0 -2 0 0 10 4 0 7 11 7 4 -2 5 0 8 0 0 0 0 0 0 0 0 0 2 1 0 1 0 -1 0 0 11 2 0 2 0 4 4 0 -8 0 -8 0 10 6 0 0 0 0 0 0 0 10 0 -2 0 0 0 0 4
0 0 0 1 1 0 0 1 0 0 0 0 0 -1 1 2 -2 2 0 0 0 0 1 0 1 -1 0 0 0 0 0 3 2 0 0 -1 0 -2 1 1 0 6 7 0 1 0 0 0 2 0 0 0 0 0 0 0 0 0 1 0 -2 0 0 0 0 0 2 1 0 1 0 1 1 0 -2 0 -2 0 3 2 0 0 0 2 0 0 0 1 0 -1 0 0 0 0 1
-2 0 0 1 1 0 0 1 0 -2 0 0 0 -1 1 2 0 4 -2 0 0 0 1 2 3 -2 0 0 0 0 0 5 0 0 0 -1 0 0 1 2 0 6 9 0 2 0 0 0 4 0 0 0 0 0 0 0 0 0 1 0 0 0 0 0 0 0 2 1 0 1 0 2 3 0 -4 0 -4 0 5 4 0 0 1 0 0 0 0 1 0 -1 0 0 0 0 2
