1 3 2 1 1 2 -2 -2 2 1 0 0 0 0 0 0 0 0 0 0 0 0 0 0 0 0 0 0 0 0 0 0 0 0 0 0 0 2 0 0 0 0 0 0 0 0 1 0 0 0 0 0 0 0 0 0 0 0 0 0 0 0 2 0 0 0 0 0 0 0 0 0 1 2 0 0 0 0 0 0 0 0
1 3 2 1 1 2 -2 -2 2 1 0 0 0 0 0 0 0 0 0 0 0 0 0 0 0 0 0 0 0 0 0 0 0 0 0 0 0 0 0 0 2 0 0 2 0 0 1 0 0 0 0 0 0 0 0 0 0 0 0 2 0 0 0 0 0 2 0 2 2 0 0 0 1 0 0 0 0 0 0 0 0 0
1 3 2 1 1 2 -2 -2 2 1 0 2 0 0 0 0 0 0 0 0 0 0 0 0 0 0 0 0 0 0 0 0 0 0 0 0 0 0 0 2 2 0 0 0 0 0 1 0 0 0 0 0 0 0 0 0 0 0 0 2 0 0 0 0 0 2 0 2 2 0 0 0 1 0 0 0 0 0 0 0 0 0
1 4 3 1 1 2 -2 -2 2 1 0 0 0 0 0 0 0 0 0 0 0 0 0 0 0 0 0 0 0 0 0 0 0 0 0 2 0 0 0 1 1 1 1 0 0 0 1 0 0 0 0 0 0 0 0 0 0 0 0 1 1 0 0 0 2 0 1 0 1 2 0 0 1 0 0 0 0 0 0 0 0 0
1 4 3 1 1 2 -2 -2 2 1 0 0 0 0 0 0 0 0 0 0 0 0 0 0 0 0 0 0 0 0 0 0 0 0 0 2 0 0 2 1 1 1 1 0 0 0 1 0 0 0 0 0 0 0 0 0 0 0 0 1 1 0 0 0 0 2 1 2 1 0 0 0 1 0 0 0 0 0 0 0 0 2
1.5 4.5 3 1.5 1.5 3 -3 -3 3 1.5 0 0 0 0 0 0 0 0 0 0 0 0 0 0 0 0 0 0 0 0 0 0 0 0 0 2 1 0 0 2 2 0 0 0 0 0 1.5 0 0 0 0 0 0 0 0 0 -1 0 0 2 1 0 0 0 2 1 1 1 2 2 0 0 1.5 0 0 0 0 0 0 0 0 0
1.5 4.5 3 1.5 1.5 3 -3 -3 3 1.5 0 0 0 0 0 0 0 0 0 0 0 0 0 0 0 0 0 0 0 0 0 0 0 0 0 2 1 0 2 2 2 0 0 0 0 0 1.5 0 0 0 0 0 0 0 0 0 -1 0 0 2 1 0 0 0 0 3 1 3 2 0 0 0 1.5 0 0 0 0 0 0 0 0 2
2.5 7.5 5 2.5 2.5 5 -5 -5 5 2.5 0 0 0 0 0 0 0 0 0 0 1 1 1 0 0 0 0 0 1 0 1 1 0 0 0 5 0 0 0 3 3 0 0 0 0 0 2.5 0 0 0 0 0 0 0 0 0 0 0 0 3 0 0 0 1 5 0 0 0 3 5 0 0 2.5 0 0 0 0 1 0 0 0 0
3 7 4 3 3 6 -6 -6 6 1 0 0 0 0 0 0 0 0 0 0 0 0 0 0 0 0 0 -2 -2 2 0 0 2 0 0 2 2 0 0 2 2 0 0 0 0 0 3 0 0 0 0 0 0 0 0 0 0 0 0 2 2 0 0 2 2 0 2 0 2 2 0 0 3 0 0 0 0 2 0 0 0 0
2.5 6.5 4 2.5 2.5 5 -5 -5 5 1.5 0 0 0 0 0 0 0 0 0 0 1 1 1 0 0 0 0 0 0 0 1 1 1 1 0 5 0 0 0 3 3 0 0 0 0 0 2.5 0 0 0 0 0 0 0 0 0 0 0 0 3 0 0 0 1 5 0 0 0 3 5 0 0 2.5 0 0 0 0 1 0 0 0 0
2.5 7.5 5 2.5 2.5 5 -5 -5 5 2.5 0 0 0 0 0 0 0 0 0 0 1 1 1 0 0 0 0 0 1 0 1 1 0 0 0 5 0 0 5 3 3 0 0 0 0 0 2.5 0 0 0 0 0 0 0 0 0 0 0 0 3 0 0 0 1 0 5 0 5 3 0 0 0 2.5 0 0 0 0 1 0 0 0 5
1 17 12 5 5 12 -12 -12 12 5 0 0 6 6 6 4 -2 2 2 2 0 0 0 0 0 0 0 0 0 0 0 0 0 0 0 12 0 0 12 12 12 0 0 0 0 0 7 0 0 0 0 0 0 0 0 0 0 12 0 12 0 0 0 0 0 18 0 18 12 0 0 0 7 0 0 0 0 0 0 0 0 12
3 9 6 3 3 6 -6 -6 6 1 0 0 0 0 0 0 0 0 0 0 0 0 0 0 0 0 0 -2 -2 2 0 0 2 0 0 2 0 0 0 0 2 2 2 2 0 0 3 0 0 0 0 0 0 0 0 0 2 0 0 2 2 0 0 2 2 0 2 0 2 2 0 0 3 0 0 0 0 2 0 0 0 0
1 17 12 5 5 12 -12 -12 12 5 0 0 6 6 6 4 -2 2 2 2 0 0 0 0 0 0 0 0 0 0 0 0 0 0 0 12 0 0 0 12 12 0 0 0 0 0 7 0 0 0 0 0 0 0 0 0 0 12 0 12 0 0 0 0 12 6 0 6 12 12 0 0 7 0 0 0 0 0 0 0 0 0
2.5 6.5 4 2.5 2.5 5 -5 -5 5 1.5 0 0 0 0 0 0 0 0 0 0 1 1 1 0 0 0 0 0 0 0 1 1 1 1 0 5 0 0 5 3 3 0 0 0 0 0 2.5 0 0 0 0 0 0 0 0 0 0 0 0 3 0 0 0 1 0 5 0 5 3 0 0 0 2.5 0 0 0 0 1 0 0 0 5
3 7 4 3 3 6 -6 -6 6 1 0 0 0 0 0 0 0 0 0 0 0 0 0 0 0 0 0 -2 -2 2 0 0 2 0 0 2 2 0 2 2 2 0 0 0 0 0 3 0 0 0 0 0 0 0 0 0 0 0 0 2 2 0 0 2 0 2 2 2 2 0 0 0 3 0 0 0 0 2 0 0 0 2
0 15 11 4 4 11 -11 -11 11 4 0 0 7 7 6 4 -2 2 2 2 0 0 0 0 0 0 0 0 0 0 0 0 0 0 0 12 0 0 0 12 12 0 0 0 1 1 7 0 0 0 0 0 0 0 0 0 0 13 0 12 0 0 0 0 12 6 0 6 12 12 0 0 7 0 0 0 0 0 0 0 0 0
2.5 6.5 4 2.5 2.5 5 -5 -5 5 1.5 0 0 0 0 0 0 0 0 0 0 1 1 1 0 0 0 1 1 0 0 1 1 1 2 0 6 0 0 6 4 4 0 0 0 0 0 2.5 0 0 0 0 0 0 0 0 0 -1 0 0 4 0 0 0 0 0 7 0 7 4 0 0 0 2.5 0 0 0 0 0 0 0 0 6
2.5 6.5 4 2.5 2.5 5 -5 -5 5 1.5 0 0 0 0 0 0 0 0 0 0 1 1 1 0 0 0 1 1 0 0 1 1 1 2 0 6 0 0 0 4 4 0 0 0 0 0 2.5 0 0 0 0 0 0 0 0 0 -1 0 0 4 0 0 0 0 6 1 0 1 4 6 0 0 2.5 0 0 0 0 0 0 0 0 0
3 8 5 3 3 6 -6 -6 6 2 0 0 0 0 0 0 0 0 0 0 1 1 1 0 0 0 0 -1 0 1 1 1 1 0 0 4 0 0 0 2 3 0 0 1 0 0 3 0 0 0 0 0 0 0 0 0 1 0 0 3 0 0 0 2 4 0 0 0 3 4 0 0 3 0 0 0 0 2 0 0 0 0
2.5 7.5 5 2.5 2.5 5 -5 -5 5 2.5 0 0 0 0 0 0 0 0 0 0 1 1 1 0 0 0 1 1 1 0 1 1 0 1 0 6 0 0 6 4 4 0 0 0 0 0 2.5 0 0 0 0 0 0 0 0 0 -1 0 0 4 0 0 0 0 0 7 0 7 4 0 0 0 2.5 0 0 0 0 0 0 0 0 6
2.5 7.5 5 2.5 2.5 5 -5 -5 5 2.5 0 0 0 0 0 0 0 0 0 0 1 1 1 0 0 0 1 1 1 0 1 1 0 1 0 6 0 0 0 4 4 0 0 0 0 0 2.5 0 0 0 0 0 0 0 0 0 -1 0 0 4 0 0 0 0 6 1 0 1 4 6 0 0 2.5 0 0 0 0 0 0 0 0 0
3 9 6 3 3 6 -6 -6 6 2 0 0 0 0 0 0 0 0 0 0 1 1 1 1 1 -1 0 0 0 0 0 0 1 0 0 5 0 0 5 4 4 0 0 0 0 0 3 0 0 0 0 0 0 0 0 0 0 1 0 4 0 0 0 1 0 6 0 6 4 0 0 0 3 0 0 0 0 1 0 0 0 5
3 9 6 3 3 6 -6 -6 6 2 0 0 0 0 0 0 0 0 0 0 1 1 1 1 1 -1 0 0 0 0 0 0 1 0 0 5 0 0 0 4 4 0 0 0 0 0 3 0 0 0 0 0 0 0 0 0 0 1 0 4 0 0 0 1 5 1 0 1 4 5 0 0 3 0 0 0 0 1 0 0 0 0
0 15 11 4 4 11 -11 -11 11 4 0 0 6.99999999999999 6.99999999999999 5.99999999999999 4 -2 2 2 2 0 0 0 0 0 0 0 0 0 0 0 0 0 0 0 12 0 0 12 12 12 0 0 0 1 1 6.99999999999999 0 0 0 0 0 0 0 0 0 0 13 0 12 0 0 0 0 0 18 0 18 12 0 0 0 6.99999999999999 0 0 0 0 0 0 0 0 12
4 9 5 4 4 8 -8 -8 8 1 0 0 0 0 0 0 0 0 0 0 1 1 1 0 0 0 0 -3 -2 3 1 1 3 0 0 2 0 0 0 0 3 0 0 3 0 0 4 0 0 0 0 0 0 0 0 0 3 0 0 3 0 0 0 4 2 0 0 0 3 2 0 0 4 0 0 0 0 4 0 0 0 0
3 8 5 3 3 6 -6 -6 6 2 0 1 0 0 0 0 0 0 0 0 1 1 1 0 0 0 0 -1 0 1 1 1 1 0 0 4 0 0 0 3 3 0 0 0 0 0 3 0 0 0 0 0 0 0 0 0 1 0 0 3 0 0 0 2 4 0 0 0 3 4 0 0 3 0 0 0 0 2 0 0 0 0
2.5 7.5 5 2.5 2.5 5 -5 -5 5 3.5 0 0 0 0 0 0 0 0 0 0 1 1 1 0 0 0 1 1 2 0 1 1 0 0 1 6 0 0 0 4 4 0 0 0 0 0 2.5 0 0 0 0 0 0 0 0 0 -1 0 0 4 0 0 0 0 6 1 0 1 4 6 0 0 2.5 0 0 0 0 0 0 0 0 0
2.5 7.5 5 2.5 2.5 5 -5 -5 5 3.5 0 0 0 0 0 0 0 0 0 0 1 1 1 0 0 0 1 1 2 0 1 1 0 0 1 6 0 0 6 4 4 0 0 0 0 0 2.5 0 0 0 0 0 0 0 0 0 -1 0 0 4 0 0 0 0 0 7 0 7 4 0 0 0 2.5 0 0 0 0 0 0 0 0 6
3 10 7 3 3 6 -6 -6 6 3 0 0 0 0 0 0 0 0 0 0 1 1 1 1 1 -1 1 1 1 0 0 0 0 0 0 6 0 0 6 5 5 0 0 0 0 0 3 0 0 0 0 0 0 0 0 0 -1 1 0 5 0 0 0 0 0 8 0 8 5 0 0 0 3 0 0 0 0 0 0 0 0 6
4 11 7 4 4 8 -8 -8 8 3 0 0 0 0 0 0 0 0 0 0 1 1 1 0 0 0 0 -1 0 1 1 1 1 0 0 6 1 0 0 4 4 0 0 0 0 0 4 0 0 0 0 0 0 0 0 0 0 0 0 4 1 0 0 2 6 0 1 0 4 6 0 0 4 0 0 0 0 2 0 0 0 0
3 10 7 3 3 6 -6 -6 6 3 0 0 0 0 0 0 0 0 0 0 1 1 1 1 1 -1 1 1 1 0 0 0 0 0 0 6 0 0 0 5 5 0 0 0 0 0 3 0 0 0 0 0 0 0 0 0 -1 1 0 5 0 0 0 0 6 2 0 2 5 6 0 0 3 0 0 0 0 0 0 0 0 0
2.5 6.5 4 2.5 2.5 5 -5 -5 5 1.5 0 0 0 0 0 0 0 0 0 0 1 1 1 0 0 0 0 -1 0 1 1 1 1 0 0 4 0 0 4 2 2 0 0 0 0 0 2.5 0 0 0 0 0 0 0 0 0 1 0 0 2 0 0 0 2 0 3 0 3 2 0 0 0 2.5 0 0 0 0 2 0 0 0 4
2.5 6.5 4 2.5 2.5 5 -5 -5 5 1.5 0 0 0 0 0 0 0 0 0 0 1 1 1 0 0 0 0 -1 0 1 1 1 1 0 0 4 0 0 1 2 2 0 0 0 0 0 2.5 0 0 0 0 0 0 0 0 0 1 0 0 2 0 0 0 2 3 0 0 0 2 3 0 0 2.5 0 0 0 0 2 0 0 0 1
0 2.5 2.5 0 0 2.5 -2.5 -2.5 2.5 1 0 0 2.5 2.5 0 0 0 0 0 0 1 1 1 0 0 0 1 1 2 0 1 1 0 0 1 6 0 0 0 4 4 0 0 0 2.5 2.5 2.5 0 0 0 0 0 0 0 0 0 -1 2.5 0 4 0 0 0 0 6 1 0 1 4 6 0 0 2.5 0 0 0 0 0 0 0 0 0
3 9 6 3 3 6 -6 -6 6 2 0 0 0 0 0 0 0 0 0 0 1 1 1 1 1 -1 1 1 0 0 0 0 1 1 0 6 0 0 0 5 5 0 0 0 0 0 3 0 0 0 0 0 0 0 0 0 -1 1 0 5 0 0 0 0 6 2 0 2 5 6 0 0 3 0 0 0 0 0 0 0 0 0
0 2.5 2.5 0 0 2.5 -2.5 -2.5 2.5 1 0 0 2.5 2.5 0 0 0 0 0 0 1 1 1 0 0 0 1 1 2 0 1 1 0 0 1 6 0 0 6 4 4 0 0 0 2.5 2.5 2.5 0 0 0 0 0 0 0 0 0 -1 2.5 0 4 0 0 0 0 0 7 0 7 4 0 0 0 2.5 0 0 0 0 0 0 0 0 6
3 8 5 3 3 6 -6 -6 6 1 0 0 0 0 0 0 0 0 0 0 1 1 1 1 1 -1 0 -1 -1 1 0 0 2 0 0 4 0 0 0 3 3 0 0 0 0 0 3 0 0 0 0 0 0 0 0 0 1 1 0 3 0 0 0 2 4 0 0 0 3 4 0 0 3 0 0 0 0 2 0 0 0 0
3 9 6 3 3 6 -6 -6 6 2 0 0 0 0 0 0 0 0 0 0 1 1 1 1 1 -1 1 1 0 0 0 0 1 1 0 6 0 0 6 5 5 0 0 0 0 0 3 0 0 0 0 0 0 0 0 0 -1 1 0 5 0 0 0 0 0 8 0 8 5 0 0 0 3 0 0 0 0 0 0 0 0 6
5.5 15.5 10 5.5 5.5 11 -11 -11 11 3.5 0 0 0 0 0 0 0 0 0 0 2 2 2 1 1 -1 0 -1 0 1 1 1 2 0 0 9 0 0 0 6 6 0 0 0 0 0 5.5 0 0 0 0 0 0 0 0 0 1 1 0 6 0 0 0 3 9 0 0 0 6 9 0 0 5.5 0 0 0 0 3 0 0 0 0
4 11 7 4 4 8 -8 -8 8 3 0 0 0 0 0 0 0 0 0 0 1 1 1 0 0 0 0 -1 0 1 1 1 1 0 0 6 1 0 6 4 4 0 0 0 0 0 4 0 0 0 0 0 0 0 0 0 0 0 0 4 1 0 0 2 0 6 1 6 4 0 0 0 4 0 0 0 0 2 0 0 0 6
502.594827586207 1064.04310344828 568.008620689655 496.034482758621 496.034482758621 986.387931034483 -986.387931034483 -972.23275862069 972.23275862069 282.706896551724 0 0 0 0 0 -6.41379310344828 -6.41379310344828 -1 -1 -5.41379310344828 157.931034482759 157.931034482759 157.931034482759 157.931034482759 145.637931034483 -145.637931034483 0 0 0 0 0 0 178.23275862069 0 0 751.931034482759 0 0 751.931034482759 583.594827586207 583.594827586207 0 0 0 0 0 503.01724137931 0 0 0 0 0 8.62068965517241 0 0 0 0 0 0 583.594827586207 0 107.775862068966 0 145.637931034483 0 877.26724137931 0 877.26724137931 583.594827586207 0 0 0 503.01724137931 0 0 107.775862068966 0 145.637931034483 0 0 0 751.931034482759
502.594827586207 1064.04310344828 568.008620689655 496.034482758621 496.034482758621 986.387931034483 -986.387931034483 -972.23275862069 972.23275862069 282.706896551724 0 0 0 0 0 -6.41379310344828 -6.41379310344828 -1 -1 -5.41379310344828 157.931034482759 157.931034482759 157.931034482759 157.931034482759 145.637931034483 -145.637931034483 0 0 0 0 0 0 178.23275862069 0 0 751.931034482759 0 0 0 583.594827586207 583.594827586207 0 0 0 0 0 503.01724137931 0 0 0 0 0 8.62068965517241 0 0 0 0 0 0 583.594827586207 0 107.775862068966 0 145.637931034483 751.931034482759 125.336206896552 0 125.336206896552 583.594827586207 751.931034482759 0 0 503.01724137931 0 0 107.775862068966 0 145.637931034483 0 0 0 0
8 28 18 10 10 21 -21 -21 21 7 0 0 3 3 3 2 -1 1 1 1 3 3 3 0 0 0 0 -3 0 3 3 3 3 0 0 18 0 0 0 12 12 0 0 0 0 0 11 0 0 0 0 0 0 0 0 0 3 6 0 12 0 0 0 6 18 0 0 0 12 18 0 0 11 0 0 0 0 6 0 0 0 0
161.698275862069 339.514367816092 179.336206896552 160.17816091954 160.17816091954 318.795977011494 -318.795977011494 -314.077586206897 314.077586206897 91.0689655172414 0 0 1 1 1 -1.47126436781609 -2.47126436781609 0 0 -1.47126436781609 50.6436781609195 50.6436781609195 50.6436781609195 50.6436781609195 46.5459770114943 -46.5459770114943 0 0 0 0 0 0 57.4109195402299 0 0 242.64367816092 0 0 0 188.531609195402 188.531609195402 0 0 0 0 0 162.83908045977 0 0 0 0 0 2.8735632183908 0 0 0 0 0 0 188.531609195402 0 35.9252873563218 0 46.5459770114943 242.64367816092 40.7787356321839 0 40.7787356321839 188.531609195402 242.64367816092 0 0 162.83908045977 0 0 35.9252873563218 0 46.5459770114943 0 0 0 0
161.698275862069 339.514367816092 179.336206896552 160.17816091954 160.17816091954 318.795977011494 -318.795977011494 -314.077586206897 314.077586206897 91.0689655172414 0 0 1 1 1 -1.47126436781609 -2.47126436781609 0 0 -1.47126436781609 50.6436781609195 50.6436781609195 50.6436781609195 50.6436781609195 46.5459770114943 -46.5459770114943 0 0 0 0 0 0 57.4109195402299 0 0 242.64367816092 0 0 242.64367816092 188.531609195402 188.531609195402 0 0 0 0 0 162.83908045977 0 0 0 0 0 2.8735632183908 0 0 0 0 0 0 188.531609195402 0 35.9252873563218 0 46.5459770114943 0 283.422413793103 0 283.422413793103 188.531609195402 0 0 0 162.83908045977 0 0 35.9252873563218 0 46.5459770114943 0 0 0 242.64367816092
502.594827586207 1064.04310344828 568.008620689655 496.034482758621 496.034482758621 986.387931034483 -986.387931034483 -972.23275862069 972.23275862069 282.706896551724 0 0 0 0 0 -6.41379310344828 -6.41379310344828 -1 -1 -5.41379310344828 157.931034482759 157.931034482759 157.931034482759 157.931034482759 145.637931034483 -145.637931034483 145.637931034483 145.637931034483 0 0 0 0 178.23275862069 145.637931034483 0 897.568965517242 0 0 0 729.23275862069 729.23275862069 0 0 0 0 0 503.01724137931 0 0 0 0 0 8.62068965517241 0 0 0 -145.637931034483 0 0 729.23275862069 0 107.775862068966 0 0 897.568965517242 270.974137931035 0 270.974137931035 729.23275862069 897.568965517242 0 0 503.01724137931 0 0 107.775862068966 0 0 0 0 0 0
502.594827586207 1209.68103448276 713.646551724138 496.034482758621 496.034482758621 986.387931034483 -986.387931034483 -972.23275862069 972.23275862069 428.344827586207 0 0 0 0 0 -6.41379310344828 -6.41379310344828 -1 -1 -5.41379310344828 157.931034482759 157.931034482759 157.931034482759 157.931034482759 145.637931034483 -145.637931034483 145.637931034483 145.637931034483 145.637931034483 0 0 0 32.5948275862069 0 0 897.568965517242 0 0 0 729.23275862069 729.23275862069 0 0 0 0 0 503.01724137931 0 0 0 0 0 8.62068965517241 0 0 0 -145.637931034483 0 0 729.23275862069 0 107.775862068966 0 0 897.568965517242 270.974137931035 0 270.974137931035 729.23275862069 897.568965517242 0 0 503.01724137931 0 0 107.775862068966 0 0 0 0 0 0
502.594827586207 938.706896551724 442.672413793103 496.034482758621 496.034482758621 986.387931034483 -986.387931034483 -972.23275862069 972.23275862069 157.370689655172 0 0 0 0 0 -6.41379310344828 -6.41379310344828 -1 -1 -5.41379310344828 157.931034482759 157.931034482759 157.931034482759 157.931034482759 145.637931034483 -145.637931034483 0 -125.336206896552 -125.336206896552 125.336206896552 0 0 303.568965517241 0 0 626.594827586207 0 0 0 458.258620689655 458.258620689655 0 0 0 0 0 503.01724137931 0 0 0 0 0 8.62068965517241 0 0 0 125.336206896552 0 0 458.258620689655 0 107.775862068966 0 270.974137931034 626.594827586207 0 0 0 458.258620689655 626.594827586207 0 0 503.01724137931 0 0 107.775862068966 0 270.974137931034 0 0 0 0
502.594827586207 1064.04310344828 568.008620689655 496.034482758621 496.034482758621 986.387931034483 -986.387931034483 -972.23275862069 972.23275862069 282.706896551724 0 0 0 0 0 -6.41379310344828 -6.41379310344828 -1 -1 -5.41379310344828 157.931034482759 157.931034482759 157.931034482759 157.931034482759 145.637931034483 -145.637931034483 145.637931034483 145.637931034483 0 0 0 0 178.23275862069 145.637931034483 0 897.568965517242 0 0 897.568965517242 729.23275862069 729.23275862069 0 0 0 0 0 503.01724137931 0 0 0 0 0 8.62068965517241 0 0 0 -145.637931034483 0 0 729.23275862069 0 107.775862068966 0 0 0 1168.54310344828 0 1168.54310344828 729.23275862069 0 0 0 503.01724137931 0 0 107.775862068966 0 0 0 0 0 897.568965517242
202.30859375 416.02734375 213.78515625 202.2421875 202.2421875 403.36328125 -403.36328125 -396.94921875 396.94921875 114.296875 0 0 4.359375 4.359375 4.359375 0 -4.359375 1 1 -1 62.84375 62.84375 62.84375 62.84375 57.2734375 -57.2734375 0 0 0 0 0 0 72.04296875 0 0 305.84375 0 0 305.84375 238.28515625 238.28515625 0 0 0 0 0 206.859375 0 0 0 0 0 3.90625 0 0 0 0 0 0 238.28515625 0 48.8359375 0 57.2734375 0 358.27734375 0 358.27734375 238.28515625 0 0 0 206.859375 0 0 48.8359375 0 57.2734375 0 0 0 305.84375
502.594827586207 1209.68103448276 713.646551724138 496.034482758621 496.034482758621 986.387931034483 -986.387931034483 -972.23275862069 972.23275862069 428.344827586207 0 0 0 0 0 -6.41379310344828 -6.41379310344828 -1 -1 -5.41379310344828 157.931034482759 157.931034482759 157.931034482759 157.931034482759 145.637931034483 -145.637931034483 145.637931034483 145.637931034483 145.637931034483 0 0 0 32.5948275862069 0 0 897.568965517242 0 0 897.568965517242 729.23275862069 729.23275862069 0 0 0 0 0 503.01724137931 0 0 0 0 0 8.62068965517241 0 0 0 -145.637931034483 0 0 729.23275862069 0 107.775862068966 0 0 0 1168.54310344828 0 1168.54310344828 729.23275862069 0 0 0 503.01724137931 0 0 107.775862068966 0 0 0 0 0 897.568965517242
92.404296875 185.263671875 91.892578125 93.37109375 93.37109375 186.681640625 -186.681640625 -183.474609375 183.474609375 52.3984375 0 0 3.6796875 3.6796875 3.6796875 1 -2.6796875 1 1 0 28.421875 28.421875 28.421875 28.421875 25.63671875 -25.63671875 0 0 0 0 0 0 33.021484375 0 0 140.921875 0 0 140.921875 110.142578125 110.142578125 0 0 0 0 0 96.1796875 0 0 0 0 0 1.953125 0 0 0 0 0 0 110.142578125 0 24.41796875 0 25.63671875 0 165.638671875 0 165.638671875 110.142578125 0 0 0 96.1796875 0 0 24.41796875 0 25.63671875 0 0 0 140.921875
202.30859375 416.02734375 213.78515625 202.2421875 202.2421875 403.36328125 -403.36328125 -396.94921875 396.94921875 114.296875 0 0 4.359375 4.359375 4.359375 0 -4.359375 1 1 -1 62.84375 62.84375 62.84375 62.84375 57.2734375 -57.2734375 0 0 0 0 0 0 72.04296875 0 0 305.84375 0 0 0 238.28515625 238.28515625 0 0 0 0 0 206.859375 0 0 0 0 0 3.90625 0 0 0 0 0 0 238.28515625 0 48.8359375 0 57.2734375 305.84375 52.43359375 0 52.43359375 238.28515625 305.84375 0 0 206.859375 0 0 48.8359375 0 57.2734375 0 0 0 0
92.404296875 185.263671875 91.892578125 93.37109375 93.37109375 186.681640625 -186.681640625 -183.474609375 183.474609375 52.3984375 0 0 3.6796875 3.6796875 3.6796875 1 -2.6796875 1 1 0 28.421875 28.421875 28.421875 28.421875 25.63671875 -25.63671875 0 0 0 0 0 0 33.021484375 0 0 140.921875 0 0 0 110.142578125 110.142578125 0 0 0 0 0 96.1796875 0 0 0 0 0 1.953125 0 0 0 0 0 0 110.142578125 0 24.41796875 0 25.63671875 140.921875 24.716796875 0 24.716796875 110.142578125 140.921875 0 0 96.1796875 0 0 24.41796875 0 25.63671875 0 0 0 0
161.698275862069 339.514367816092 179.336206896552 160.17816091954 160.17816091954 318.795977011494 -318.795977011494 -314.077586206897 314.077586206897 91.0689655172414 0 0 1 1 1 -1.47126436781609 -2.47126436781609 0 0 -1.47126436781609 50.6436781609195 50.6436781609195 50.6436781609195 50.6436781609195 46.5459770114943 -46.5459770114943 46.5459770114943 46.5459770114943 0 0 0 0 57.4109195402299 46.5459770114943 0 289.189655172414 0 0 289.189655172414 235.077586206897 235.077586206897 0 0 0 0 0 162.83908045977 0 0 0 0 0 2.8735632183908 0 0 0 -46.5459770114943 0 0 235.077586206897 0 35.9252873563218 0 0 0 376.514367816092 0 376.514367816092 235.077586206897 0 0 0 162.83908045977 0 0 35.9252873563218 0 0 0 0 0 289.189655172414
161.698275862069 298.735632183908 138.557471264368 160.17816091954 160.17816091954 318.795977011494 -318.795977011494 -314.077586206897 314.077586206897 50.2902298850575 0 0 1 1 1 -1.47126436781609 -2.47126436781609 0 0 -1.47126436781609 50.6436781609195 50.6436781609195 50.6436781609195 50.6436781609195 46.5459770114943 -46.5459770114943 0 -40.7787356321839 -40.7787356321839 40.7787356321839 0 0 98.1896551724138 0 0 201.864942528736 0 0 0 147.752873563218 147.752873563218 0 0 0 0 0 162.83908045977 0 0 0 0 0 2.8735632183908 0 0 0 40.7787356321839 0 0 147.752873563218 0 35.9252873563218 0 87.3247126436782 201.864942528736 0 0 0 147.752873563218 201.864942528736 0 0 162.83908045977 0 0 35.9252873563218 0 87.3247126436782 0 0 0 0
584.081896551724 1486.73706896552 909.215517241379 577.521551724138 577.521551724138 1149.36206896552 -1149.36206896552 -1135.20689655172 1135.20689655172 542.426724137931 0 0 0 0 0 -6.41379310344828 -6.41379310344828 -1 -1 -5.41379310344828 190.525862068966 190.525862068966 190.525862068966 157.931034482759 145.637931034483 -145.637931034483 178.23275862069 178.23275862069 210.827586206897 0 32.5948275862069 32.5948275862069 0 0 0 1093.13793103448 0 0 0 859.612068965517 859.612068965517 0 0 0 0 0 584.504310344828 0 0 0 0 0 8.62068965517241 0 0 0 -178.23275862069 0 0 859.612068965517 0 107.775862068966 0 0 1093.13793103448 303.568965517241 0 303.568965517241 859.612068965517 1093.13793103448 0 0 584.504310344828 0 0 107.775862068966 0 0 0 0 0 0
161.698275862069 386.060344827586 225.882183908046 160.17816091954 160.17816091954 318.795977011494 -318.795977011494 -314.077586206897 314.077586206897 137.614942528736 0 0 1 1 1 -1.47126436781609 -2.47126436781609 0 0 -1.47126436781609 50.6436781609195 50.6436781609195 50.6436781609195 50.6436781609195 46.5459770114943 -46.5459770114943 46.5459770114943 46.5459770114943 46.5459770114943 0 0 0 10.8649425287356 0 0 289.189655172414 0 0 289.189655172414 235.077586206897 235.077586206897 0 0 0 0 0 162.83908045977 0 0 0 0 0 2.8735632183908 0 0 0 -46.5459770114943 0 0 235.077586206897 0 35.9252873563218 0 0 0 376.514367816092 0 376.514367816092 235.077586206897 0 0 0 162.83908045977 0 0 35.9252873563218 0 0 0 0 0 289.189655172414
161.698275862069 386.060344827586 225.882183908046 160.17816091954 160.17816091954 318.795977011494 -318.795977011494 -314.077586206897 314.077586206897 137.614942528736 0 0 1 1 1 -1.47126436781609 -2.47126436781609 0 0 -1.47126436781609 50.6436781609195 50.6436781609195 50.6436781609195 50.6436781609195 46.5459770114943 -46.5459770114943 46.5459770114943 46.5459770114943 46.5459770114943 0 0 0 10.8649425287356 0 0 289.189655172414 0 0 0 235.077586206897 235.077586206897 0 0 0 0 0 162.83908045977 0 0 0 0 0 2.8735632183908 0 0 0 -46.5459770114943 0 0 235.077586206897 0 35.9252873563218 0 0 289.189655172414 87.3247126436782 0 87.3247126436782 235.077586206897 289.189655172414 0 0 162.83908045977 0 0 35.9252873563218 0 0 0 0 0 0
584.081896551724 1486.73706896552 909.215517241379 577.521551724138 577.521551724138 1149.36206896552 -1149.36206896552 -1135.20689655172 1135.20689655172 542.426724137931 0 0 0 0 0 -6.41379310344828 -6.41379310344828 -1 -1 -5.41379310344828 190.525862068966 190.525862068966 190.525862068966 157.931034482759 145.637931034483 -145.637931034483 178.23275862069 178.23275862069 210.827586206897 0 32.5948275862069 32.5948275862069 0 0 0 1093.13793103448 0 0 1093.13793103448 859.612068965517 859.612068965517 0 0 0 0 0 584.504310344828 0 0 0 0 0 8.62068965517241 0 0 0 -178.23275862069 0 0 859.612068965517 0 107.775862068966 0 0 0 1396.70689655172 0 1396.70689655172 859.612068965517 0 0 0 584.504310344828 0 0 107.775862068966 0 0 0 0 0 1093.13793103448
815.935344827586 1878.72844827586 1069.35344827586 809.375 809.375 1613.06896551724 -1613.06896551724 -1598.91379310345 1598.91379310345 470.711206896552 0 0 0 0 0 -6.41379310344828 -6.41379310344828 -1 -1 -5.41379310344828 283.26724137931 283.26724137931 283.26724137931 157.931034482759 145.637931034483 -145.637931034483 0 -125.336206896552 0 125.336206896552 125.336206896552 125.336206896552 303.568965517241 0 0 1253.27586206897 0 0 0 834.26724137931 834.26724137931 0 0 0 0 0 816.35775862069 0 0 0 0 0 8.62068965517241 0 0 0 125.336206896552 0 0 834.26724137931 0 107.775862068966 0 396.310344827586 1253.27586206897 0 0 0 834.26724137931 1253.27586206897 0 0 816.35775862069 0 0 107.775862068966 0 396.310344827586 0 0 0 0
161.698275862069 339.514367816092 179.336206896552 160.17816091954 160.17816091954 318.795977011494 -318.795977011494 -314.077586206897 314.077586206897 91.0689655172414 0 0 1 1 1 -1.47126436781609 -2.47126436781609 0 0 -1.47126436781609 50.6436781609195 50.6436781609195 50.6436781609195 50.6436781609195 46.5459770114943 -46.5459770114943 46.5459770114943 46.5459770114943 0 0 0 0 57.4109195402299 46.5459770114943 0 289.189655172414 0 0 0 235.077586206897 235.077586206897 0 0 0 0 0 162.83908045977 0 0 0 0 0 2.8735632183908 0 0 0 -46.5459770114943 0 0 235.077586206897 0 35.9252873563218 0 0 289.189655172414 87.3247126436782 0 87.3247126436782 235.077586206897 289.189655172414 0 0 162.83908045977 0 0 35.9252873563218 0 0 0 0 0 0
24.2568333333333 34.9141666666667 5.787 29.1271666666667 29.1271666666667 60.411 -60.411 -58.769 58.769 15.1831666666667 0 0 8.447 8.447 8.447 4.88733333333333 -3.55966666666667 2.69966666666667 2.69966666666667 2.18766666666667 7.518 7.518 7.518 1.426 0 0 0 -6.092 0 6.092 6.092 6.092 9.873 0 0 44.016 0 0 0 29.199 29.199 0 0 0 0 0 32.7528333333333 0 0 0 0 0 1 0 0 0 6.092 0 0 29.199 0 12.502 0 12.184 44.016 0 0 0 29.199 44.016 0 0 32.7528333333333 0 0 12.502 0 12.184 0 0 0 0
92.404296875 185.263671875 91.892578125 93.37109375 93.37109375 186.681640625 -186.681640625 -183.474609375 183.474609375 52.3984375 0 0 3.6796875 3.6796875 3.6796875 1 -2.6796875 1 1 0 28.421875 28.421875 28.421875 28.421875 25.63671875 -25.63671875 25.63671875 25.63671875 0 0 0 0 33.021484375 25.63671875 0 166.55859375 0 0 166.55859375 135.779296875 135.779296875 0 0 0 0 0 96.1796875 0 0 0 0 0 1.953125 0 0 0 -25.63671875 0 0 135.779296875 0 24.41796875 0 0 0 216.912109375 0 216.912109375 135.779296875 0 0 0 96.1796875 0 0 24.41796875 0 0 0 0 0 166.55859375
18.4793333333333 27.4546666666667 4.10499999999999 23.3496666666667 23.3496666666667 48.856 -48.856 -47.214 47.214 19.2786666666667 0 0 8.447 8.447 8.447 4.88733333333333 -3.55966666666667 2.69966666666667 2.69966666666667 2.18766666666667 5.207 5.207 5.207 1.426 0 0 3.781 3.781 7.562 0 3.781 3.781 0 0 0 42.334 0 0 0 32.139 32.139 0 0 0 0 0 26.9753333333333 0 0 0 0 0 1 0 0 0 -3.781 0 0 32.139 0 12.502 0 0 42.334 9.873 0 9.873 32.139 42.334 0 0 26.9753333333333 0 0 12.502 0 0 0 0 0 0
18.4793333333333 27.4546666666667 4.10499999999999 23.3496666666667 23.3496666666667 48.856 -48.856 -47.214 47.214 19.2786666666667 0 0 8.447 8.447 8.447 4.88733333333333 -3.55966666666667 2.69966666666667 2.69966666666667 2.18766666666667 5.207 5.207 5.207 1.426 0 0 3.781 3.781 7.562 0 3.781 3.781 0 0 0 42.334 0 0 42.334 32.139 32.139 0 0 0 0 0 26.9753333333333 0 0 0 0 0 1 0 0 0 -3.781 0 0 32.139 0 12.502 0 0 0 52.207 0 52.207 32.139 0 0 0 26.9753333333333 0 0 12.502 0 0 0 0 0 42.334
202.30859375 416.02734375 213.78515625 202.2421875 202.2421875 403.36328125 -403.36328125 -396.94921875 396.94921875 114.296875 0 0 4.359375 4.359375 4.359375 0 -4.359375 1 1 -1 62.84375 62.84375 62.84375 62.84375 57.2734375 -57.2734375 57.2734375 57.2734375 0 0 0 0 72.04296875 57.2734375 0 363.1171875 0 0 363.1171875 295.55859375 295.55859375 0 0 0 0 0 206.859375 0 0 0 0 0 3.90625 0 0 0 -57.2734375 0 0 295.55859375 0 48.8359375 0 0 0 472.82421875 0 472.82421875 295.55859375 0 0 0 206.859375 0 0 48.8359375 0 0 0 0 0 363.1171875
202.30859375 473.30078125 271.05859375 202.2421875 202.2421875 403.36328125 -403.36328125 -396.94921875 396.94921875 171.5703125 0 0 4.359375 4.359375 4.359375 0 -4.359375 1 1 -1 62.84375 62.84375 62.84375 62.84375 57.2734375 -57.2734375 57.2734375 57.2734375 57.2734375 0 0 0 14.76953125 0 0 363.1171875 0 0 363.1171875 295.55859375 295.55859375 0 0 0 0 0 206.859375 0 0 0 0 0 3.90625 0 0 0 -57.2734375 0 0 295.55859375 0 48.8359375 0 0 0 472.82421875 0 472.82421875 295.55859375 0 0 0 206.859375 0 0 48.8359375 0 0 0 0 0 363.1171875
92.404296875 185.263671875 91.892578125 93.37109375 93.37109375 186.681640625 -186.681640625 -183.474609375 183.474609375 52.3984375 0 0 3.6796875 3.6796875 3.6796875 1 -2.6796875 1 1 0 28.421875 28.421875 28.421875 28.421875 25.63671875 -25.63671875 25.63671875 25.63671875 0 0 0 0 33.021484375 25.63671875 0 166.55859375 0 0 0 135.779296875 135.779296875 0 0 0 0 0 96.1796875 0 0 0 0 0 1.953125 0 0 0 -25.63671875 0 0 135.779296875 0 24.41796875 0 0 166.55859375 50.353515625 0 50.353515625 135.779296875 166.55859375 0 0 96.1796875 0 0 24.41796875 0 0 0 0 0 0
202.30859375 473.30078125 271.05859375 202.2421875 202.2421875 403.36328125 -403.36328125 -396.94921875 396.94921875 171.5703125 0 0 4.359375 4.359375 4.359375 0 -4.359375 1 1 -1 62.84375 62.84375 62.84375 62.84375 57.2734375 -57.2734375 57.2734375 57.2734375 57.2734375 0 0 0 14.76953125 0 0 363.1171875 0 0 0 295.55859375 295.55859375 0 0 0 0 0 206.859375 0 0 0 0 0 3.90625 0 0 0 -57.2734375 0 0 295.55859375 0 48.8359375 0 0 363.1171875 109.70703125 0 109.70703125 295.55859375 363.1171875 0 0 206.859375 0 0 48.8359375 0 0 0 0 0 0
92.404296875 160.546875 67.17578125 93.37109375 93.37109375 186.681640625 -186.681640625 -183.474609375 183.474609375 27.681640625 0 0 3.6796875 3.6796875 3.6796875 1 -2.6796875 1 1 0 28.421875 28.421875 28.421875 28.421875 25.63671875 -25.63671875 0 -24.716796875 -24.716796875 24.716796875 0 0 57.73828125 0 0 116.205078125 0 0 0 85.42578125 85.42578125 0 0 0 0 0 96.1796875 0 0 0 0 0 1.953125 0 0 0 24.716796875 0 0 85.42578125 0 24.41796875 0 50.353515625 116.205078125 0 0 0 85.42578125 116.205078125 0 0 96.1796875 0 0 24.41796875 0 50.353515625 0 0 0 0
92.404296875 210.900390625 117.529296875 93.37109375 93.37109375 186.681640625 -186.681640625 -183.474609375 183.474609375 78.03515625 0 0 3.6796875 3.6796875 3.6796875 1 -2.6796875 1 1 0 28.421875 28.421875 28.421875 28.421875 25.63671875 -25.63671875 25.63671875 25.63671875 25.63671875 0 0 0 7.384765625 0 0 166.55859375 0 0 0 135.779296875 135.779296875 0 0 0 0 0 96.1796875 0 0 0 0 0 1.953125 0 0 0 -25.63671875 0 0 135.779296875 0 24.41796875 0 0 166.55859375 50.353515625 0 50.353515625 135.779296875 166.55859375 0 0 96.1796875 0 0 24.41796875 0 0 0 0 0 0
202.30859375 416.02734375 213.78515625 202.2421875 202.2421875 403.36328125 -403.36328125 -396.94921875 396.94921875 114.296875 0 0 4.359375 4.359375 4.359375 0 -4.359375 1 1 -1 62.84375 62.84375 62.84375 62.84375 57.2734375 -57.2734375 57.2734375 57.2734375 0 0 0 0 72.04296875 57.2734375 0 363.1171875 0 0 0 295.55859375 295.55859375 0 0 0 0 0 206.859375 0 0 0 0 0 3.90625 0 0 0 -57.2734375 0 0 295.55859375 0 48.8359375 0 0 363.1171875 109.70703125 0 109.70703125 295.55859375 363.1171875 0 0 206.859375 0 0 48.8359375 0 0 0 0 0 0
188.860632183908 478.412356321839 291.07183908046 187.340517241379 187.340517241379 373.120689655172 -373.120689655172 -368.402298850575 368.402298850575 175.64224137931 0 0 1 1 1 -1.47126436781609 -2.47126436781609 0 0 -1.47126436781609 61.5086206896552 61.5086206896552 61.5086206896552 50.6436781609195 46.5459770114943 -46.5459770114943 57.4109195402299 57.4109195402299 68.2758620689655 0 10.8649425287356 10.8649425287356 0 0 0 354.379310344828 0 0 0 278.537356321839 278.537356321839 0 0 0 0 0 190.001436781609 0 0 0 0 0 2.8735632183908 0 0 0 -57.4109195402299 0 0 278.537356321839 0 35.9252873563218 0 0 354.379310344828 98.1896551724138 0 98.1896551724138 278.537356321839 354.379310344828 0 0 190.001436781609 0 0 35.9252873563218 0 0 0 0 0 0
202.30859375 363.59375 161.3515625 202.2421875 202.2421875 403.36328125 -403.36328125 -396.94921875 396.94921875 61.86328125 0 0 4.359375 4.359375 4.359375 0 -4.359375 1 1 -1 62.84375 62.84375 62.84375 62.84375 57.2734375 -57.2734375 0 -52.43359375 -52.43359375 52.43359375 0 0 124.4765625 0 0 253.41015625 0 0 0 185.8515625 185.8515625 0 0 0 0 0 206.859375 0 0 0 0 0 3.90625 0 0 0 52.43359375 0 0 185.8515625 0 48.8359375 0 109.70703125 253.41015625 0 0 0 185.8515625 253.41015625 0 0 206.859375 0 0 48.8359375 0 109.70703125 0 0 0 0
92.404296875 210.900390625 117.529296875 93.37109375 93.37109375 186.681640625 -186.681640625 -183.474609375 183.474609375 78.03515625 0 0 3.6796875 3.6796875 3.6796875 1 -2.6796875 1 1 0 28.421875 28.421875 28.421875 28.421875 25.63671875 -25.63671875 25.63671875 25.63671875 25.63671875 0 0 0 7.384765625 0 0 166.55859375 0 0 166.55859375 135.779296875 135.779296875 0 0 0 0 0 96.1796875 0 0 0 0 0 1.953125 0 0 0 -25.63671875 0 0 135.779296875 0 24.41796875 0 0 0 216.912109375 0 216.912109375 135.779296875 0 0 0 96.1796875 0 0 24.41796875 0 0 0 0 0 166.55859375
263.645114942529 604.576149425287 342.451149425287 262.125 262.125 522.689655172414 -522.689655172414 -517.971264367816 517.971264367816 152.237068965517 0 0 1 1 1 -1.47126436781609 -2.47126436781609 0 0 -1.47126436781609 91.4224137931035 91.4224137931035 91.4224137931035 50.6436781609195 46.5459770114943 -46.5459770114943 0 -40.7787356321839 0 40.7787356321839 40.7787356321839 40.7787356321839 98.1896551724138 0 0 405.758620689655 0 0 0 270.08908045977 270.08908045977 0 0 0 0 0 264.78591954023 0 0 0 0 0 2.8735632183908 0 0 0 40.7787356321839 0 0 270.08908045977 0 35.9252873563218 0 128.103448275862 405.758620689655 0 0 0 270.08908045977 405.758620689655 0 0 264.78591954023 0 0 35.9252873563218 0 128.103448275862 0 0 0 0
188.860632183908 478.412356321839 291.07183908046 187.340517241379 187.340517241379 373.120689655172 -373.120689655172 -368.402298850575 368.402298850575 175.64224137931 0 0 1 1 1 -1.47126436781609 -2.47126436781609 0 0 -1.47126436781609 61.5086206896552 61.5086206896552 61.5086206896552 50.6436781609195 46.5459770114943 -46.5459770114943 57.4109195402299 57.4109195402299 68.2758620689655 0 10.8649425287356 10.8649425287356 0 0 0 354.379310344828 0 0 354.379310344828 278.537356321839 278.537356321839 0 0 0 0 0 190.001436781609 0 0 0 0 0 2.8735632183908 0 0 0 -57.4109195402299 0 0 278.537356321839 0 35.9252873563218 0 0 0 452.568965517242 0 452.568965517242 278.537356321839 0 0 0 190.001436781609 0 0 35.9252873563218 0 0 0 0 0 354.379310344828
154.1962890625 345.9228515625 190.759765625 155.1630859375 155.1630859375 310.265625 -310.265625 -307.05859375 307.05859375 89.4736328125 0 0 3.6796875 3.6796875 3.6796875 1 -2.6796875 1 1 0 53.138671875 53.138671875 53.138671875 28.421875 25.63671875 -25.63671875 0 -24.716796875 0 24.716796875 24.716796875 24.716796875 57.73828125 0 0 239.7890625 0 0 0 159.576171875 159.576171875 0 0 0 0 0 157.9716796875 0 0 0 0 0 1.953125 0 0 0 24.716796875 0 0 159.576171875 0 24.41796875 0 75.0703125 239.7890625 0 0 0 159.576171875 239.7890625 0 0 157.9716796875 0 0 24.41796875 0 75.0703125 0 0 0 0
333.392578125 756.845703125 423.51953125 333.326171875 333.326171875 665.53125 -665.53125 -659.1171875 659.1171875 192.947265625 0 0 4.359375 4.359375 4.359375 0 -4.359375 1 1 -1 115.27734375 115.27734375 115.27734375 62.84375 57.2734375 -57.2734375 0 -52.43359375 0 52.43359375 52.43359375 52.43359375 124.4765625 0 0 515.578125 0 0 0 343.15234375 343.15234375 0 0 0 0 0 337.943359375 0 0 0 0 0 3.90625 0 0 0 52.43359375 0 0 343.15234375 0 48.8359375 0 162.140625 515.578125 0 0 0 343.15234375 515.578125 0 0 337.943359375 0 0 48.8359375 0 162.140625 0 0 0 0
110.8662109375 273.6708984375 161.837890625 111.8330078125 111.8330078125 223.60546875 -223.60546875 -220.3984375 220.3984375 103.8818359375 0 0 3.6796875 3.6796875 3.6796875 1 -2.6796875 1 1 0 35.806640625 35.806640625 35.806640625 28.421875 25.63671875 -25.63671875 33.021484375 33.021484375 40.40625 0 7.384765625 7.384765625 0 0 0 210.8671875 0 0 210.8671875 165.318359375 165.318359375 0 0 0 0 0 114.6416015625 0 0 0 0 0 1.953125 0 0 0 -33.021484375 0 0 165.318359375 0 24.41796875 0 0 0 268.60546875 0 268.60546875 165.318359375 0 0 0 114.6416015625 0 0 24.41796875 0 0 0 0 0 210.8671875
110.8662109375 273.6708984375 161.837890625 111.8330078125 111.8330078125 223.60546875 -223.60546875 -220.3984375 220.3984375 103.8818359375 0 0 3.6796875 3.6796875 3.6796875 1 -2.6796875 1 1 0 35.806640625 35.806640625 35.806640625 28.421875 25.63671875 -25.63671875 33.021484375 33.021484375 40.40625 0 7.384765625 7.384765625 0 0 0 210.8671875 0 0 0 165.318359375 165.318359375 0 0 0 0 0 114.6416015625 0 0 0 0 0 1.953125 0 0 0 -33.021484375 0 0 165.318359375 0 24.41796875 0 0 210.8671875 57.73828125 0 57.73828125 165.318359375 210.8671875 0 0 114.6416015625 0 0 24.41796875 0 0 0 0 0 0
239.232421875 598.841796875 359.67578125 239.166015625 239.166015625 477.2109375 -477.2109375 -470.796875 470.796875 223.263671875 0 0 4.359375 4.359375 4.359375 0 -4.359375 1 1 -1 77.61328125 77.61328125 77.61328125 62.84375 57.2734375 -57.2734375 72.04296875 72.04296875 86.8125 0 14.76953125 14.76953125 0 0 0 451.734375 0 0 451.734375 354.63671875 354.63671875 0 0 0 0 0 243.783203125 0 0 0 0 0 3.90625 0 0 0 -72.04296875 0 0 354.63671875 0 48.8359375 0 0 0 576.2109375 0 576.2109375 354.63671875 0 0 0 243.783203125 0 0 48.8359375 0 0 0 0 0 451.734375
239.232421875 598.841796875 359.67578125 239.166015625 239.166015625 477.2109375 -477.2109375 -470.796875 470.796875 223.263671875 0 0 4.359375 4.359375 4.359375 0 -4.359375 1 1 -1 77.61328125 77.61328125 77.61328125 62.84375 57.2734375 -57.2734375 72.04296875 72.04296875 86.8125 0 14.76953125 14.76953125 0 0 0 451.734375 0 0 0 354.63671875 354.63671875 0 0 0 0 0 243.783203125 0 0 0 0 0 3.90625 0 0 0 -72.04296875 0 0 354.63671875 0 48.8359375 0 0 451.734375 124.4765625 0 124.4765625 354.63671875 451.734375 0 0 243.783203125 0 0 48.8359375 0 0 0 0 0 0
