0.333333333333333 1 0.666666666666667 0.333333333333333 0.333333333333333 0.666666666666667 -0.666666666666667 -0.666666666666667 0.666666666666667 0.333333333333333 0 0 0 0 0 0 0 0 0 0 0 0 0 0 0 0 0 0 0 0 0 0 0 0 0 0 0 0.666666666666667 0 0 0 0 0 0 0 0 0.333333333333333 0 0 0 0 0 0 0 0 0 0 0 0 0 0 0 0.666666666666667 0 0 0 0 0 0 0 0 0 0.333333333333333 0.666666666666667 0 0 0 0 0 0 0 0
0.333333333333333 1 0.666666666666667 0.333333333333333 0.333333333333333 0.666666666666667 -0.666666666666667 -0.666666666666667 0.666666666666667 0.333333333333333 0 0 0 0 0 0 0 0 0 0 0 0 0 0 0 0 0 0 0 0 0 0 0 0 0 0 0 0 0 0 0.666666666666667 0 0 0.666666666666667 0 0 0.333333333333333 0 0 0 0 0 0 0 0 0 0 0 0 0.666666666666667 0 0 0 0 0 0.666666666666667 0 0.666666666666667 0.666666666666667 0 0 0 0.333333333333333 0 0 0 0 0 0 0 0 0
0.333333333333333 1 0.666666666666667 0.333333333333333 0.333333333333333 0.666666666666667 -0.666666666666667 -0.666666666666667 0.666666666666667 0.333333333333333 0 0 0 0 0 0 0 0 0 0 0.133333333333333 0.133333333333333 0.133333333333333 0 0 0 0 0 0.133333333333333 0 0.133333333333333 0.133333333333333 0 0 0 0.666666666666667 0 0 0 0.4 0.4 0 0 0 0 0 0.333333333333333 0 0 0 0 0 0 0 0 0 0 0 0 0.4 0 0 0 0.133333333333333 0.666666666666667 0 0 0 0.4 0.666666666666667 0 0 0.333333333333333 0 0 0 0 0.133333333333333 0 0 0 0
0.25 1 0.75 0.25 0.25 0.5 -0.5 -0.5 0.5 0.25 0 0 0 0 0 0 0 0 0 0 0 0 0 0 0 0 0 0 0 0 0 0 0 0 0 0.5 0 0 0 0.25 0.25 0.25 0.25 0 0 0 0.25 0 0 0 0 0 0 0 0 0 0 0 0 0.25 0.25 0 0 0 0.5 0 0.25 0 0.25 0.5 0 0 0.25 0 0 0 0 0 0 0 0 0
0.333333333333333 1 0.666666666666667 0.333333333333333 0.333333333333333 0.666666666666667 -0.666666666666667 -0.666666666666667 0.666666666666667 0.333333333333333 0 0 0 0 0 0 0 0 0 0 0.133333333333333 0.133333333333333 0.133333333333333 0 0 0 0.133333333333333 0.133333333333333 0.133333333333333 0 0.133333333333333 0.133333333333333 0 0.133333333333333 0 0.8 0 0 0 0.533333333333333 0.533333333333333 0 0 0 0 0 0.333333333333333 0 0 0 0 0 0 0 0 0 -0.133333333333333 0 0 0.533333333333333 0 0 0 0 0.8 0.133333333333333 0 0.133333333333333 0.533333333333333 0.8 0 0 0.333333333333333 0 0 0 0 0 0 0 0 0
0.333333333333333 1 0.666666666666667 0.333333333333333 0.333333333333333 0.666666666666667 -0.666666666666667 -0.666666666666667 0.666666666666667 0.466666666666667 0 0 0 0 0 0 0 0 0 0 0.133333333333333 0.133333333333333 0.133333333333333 0 0 0 0.133333333333333 0.133333333333333 0.266666666666667 0 0.133333333333333 0.133333333333333 0 0 0.133333333333333 0.8 0 0 0 0.533333333333333 0.533333333333333 0 0 0 0 0 0.333333333333333 0 0 0 0 0 0 0 0 0 -0.133333333333333 0 0 0.533333333333333 0 0 0 0 0.8 0.133333333333333 0 0.133333333333333 0.533333333333333 0.8 0 0 0.333333333333333 0 0 0 0 0 0 0 0 0
0.333333333333333 1 0.666666666666667 0.333333333333333 0.333333333333333 0.666666666666667 -0.666666666666667 -0.666666666666667 0.666666666666667 0.111111111111111 0 0 0 0 0 0 0 0 0 0 0 0 0 0 0 0 0 -0.222222222222222 -0.222222222222222 0.222222222222222 0 0 0.222222222222222 0 0 0.222222222222222 0 0 0 0 0.222222222222222 0.222222222222222 0.222222222222222 0.222222222222222 0 0 0.333333333333333 0 0 0 0 0 0 0 0 0 0.222222222222222 0 0 0.222222222222222 0.222222222222222 0 0 0.222222222222222 0.222222222222222 0 0.222222222222222 0 0.222222222222222 0.222222222222222 0 0 0.333333333333333 0 0 0 0 0.222222222222222 0 0 0 0
0.375 1 0.625 0.375 0.375 0.75 -0.75 -0.75 0.75 0.25 0 0 0 0 0 0 0 0 0 0 0.125 0.125 0.125 0 0 0 0 -0.125 0 0.125 0.125 0.125 0.125 0 0 0.5 0 0 0 0.25 0.375 0 0 0.125 0 0 0.375 0 0 0 0 0 0 0 0 0 0.125 0 0 0.375 0 0 0 0.25 0.5 0 0 0 0.375 0.5 0 0 0.375 0 0 0 0 0.25 0 0 0 0
0.375 1 0.625 0.375 0.375 0.75 -0.75 -0.75 0.75 0.25 0 0.125 0 0 0 0 0 0 0 0 0.125 0.125 0.125 0 0 0 0 -0.125 0 0.125 0.125 0.125 0.125 0 0 0.5 0 0 0 0.375 0.375 0 0 0 0 0 0.375 0 0 0 0 0 0 0 0 0 0.125 0 0 0.375 0 0 0 0.25 0.5 0 0 0 0.375 0.5 0 0 0.375 0 0 0 0 0.25 0 0 0 0
0 1 0.733333333333333 0.266666666666667 0.266666666666667 0.733333333333333 -0.733333333333333 -0.733333333333333 0.733333333333333 0.266666666666667 0 0 0.466666666666667 0.466666666666667 0.4 0.266666666666667 -0.133333333333333 0.133333333333333 0.133333333333333 0.133333333333333 0 0 0 0 0 0 0 0 0 0 0 0 0 0 0 0.8 0 0 0 0.8 0.8 0 0 0 0.0666666666666667 0.0666666666666667 0.466666666666667 0 0 0 0 0 0 0 0 0 0 0.866666666666666 0 0.8 0 0 0 0 0.8 0.4 0 0.4 0.8 0.8 0 0 0.466666666666667 0 0 0 0 0 0 0 0 0
0 1 0.733333333333333 0.266666666666667 0.266666666666667 0.733333333333333 -0.733333333333333 -0.733333333333333 0.733333333333333 0.266666666666667 0 0 0.466666666666667 0.466666666666667 0.4 0.266666666666667 -0.133333333333333 0.133333333333333 0.133333333333333 0.133333333333333 0 0 0 0 0 0 0 0 0 0 0 0 0 0 0 0.8 0 0 0.8 0.8 0.8 0 0 0 0.0666666666666667 0.0666666666666667 0.466666666666667 0 0 0 0 0 0 0 0 0 0 0.866666666666666 0 0.8 0 0 0 0 0 1.2 0 1.2 0.8 0 0 0 0.466666666666667 0 0 0 0 0 0 0 0 0.8
0.333333333333333 1 0.666666666666667 0.333333333333333 0.333333333333333 0.666666666666667 -0.666666666666667 -0.666666666666667 0.666666666666667 0.333333333333333 0 0 0 0 0 0 0 0 0 0 0 0 0 0 0 0 0 0 0 0 0 0 0 0 0 0.444444444444444 0.222222222222222 0 0 0.444444444444444 0.444444444444444 0 0 0 0 0 0.333333333333333 0 0 0 0 0 0 0 0 0 -0.222222222222222 0 0 0.444444444444444 0.222222222222222 0 0 0 0.444444444444444 0.222222222222222 0.222222222222222 0.222222222222222 0.444444444444444 0.444444444444444 0 0 0.333333333333333 0 0 0 0 0 0 0 0 0
0.0588235294117646 1 0.705882352941177 0.294117647058823 0.294117647058823 0.705882352941176 -0.705882352941176 -0.705882352941176 0.705882352941176 0.294117647058824 0 0 0.352941176470588 0.352941176470588 0.352941176470588 0.235294117647059 -0.117647058823529 0.117647058823529 0.117647058823529 0.117647058823529 0 0 0 0 0 0 0 0 0 0 0 0 0 0 0 0.705882352941176 0 0 0 0.705882352941176 0.705882352941176 0 0 0 0 0 0.411764705882353 0 0 0 0 0 0 0 0 0 0 0.705882352941176 0 0.705882352941176 0 0 0 0 0.705882352941176 0.352941176470588 0 0.352941176470588 0.705882352941176 0.705882352941176 0 0 0.411764705882353 0 0 0 0 0 0 0 0 0
0.428571428571429 1 0.571428571428571 0.428571428571429 0.428571428571429 0.857142857142857 -0.857142857142857 -0.857142857142857 0.857142857142857 0.142857142857143 0 0 0 0 0 0 0 0 0 0 0 0 0 0 0 0 0 -0.285714285714286 -0.285714285714286 0.285714285714286 0 0 0.285714285714286 0 0 0.285714285714286 0.285714285714286 0 0 0.285714285714286 0.285714285714286 0 0 0 0 0 0.428571428571429 0 0 0 0 0 0 0 0 0 0 0 0 0.285714285714286 0.285714285714286 0 0 0.285714285714286 0.285714285714286 0 0.285714285714286 0 0.285714285714286 0.285714285714286 0 0 0.428571428571429 0 0 0 0 0.285714285714286 0 0 0 0
0.363636363636364 1 0.636363636363636 0.363636363636364 0.363636363636364 0.727272727272727 -0.727272727272727 -0.727272727272727 0.727272727272727 0.272727272727273 0 0 0 0 0 0 0 0 0 0 0.0909090909090909 0.0909090909090909 0.0909090909090909 0 0 0 0 -0.0909090909090909 0 0.0909090909090909 0.0909090909090909 0.0909090909090909 0.0909090909090909 0 0 0.545454545454545 0.0909090909090909 0 0 0.363636363636364 0.363636363636364 0 0 0 0 0 0.363636363636364 0 0 0 0 0 0 0 0 0 0 0 0 0.363636363636364 0.0909090909090909 0 0 0.181818181818182 0.545454545454545 0 0.0909090909090909 0 0.363636363636364 0.545454545454545 0 0 0.363636363636364 0 0 0 0 0.181818181818182 0 0 0 0
0.333333333333333 1 0.666666666666667 0.333333333333333 0.333333333333333 0.666666666666667 -0.666666666666667 -0.666666666666667 0.666666666666667 0.333333333333333 0 0 0 0 0 0 0 0 0 0 0 0 0 0 0 0 0 0 0 0 0 0 0 0 0 0.444444444444444 0.222222222222222 0 0.444444444444444 0.444444444444444 0.444444444444444 0 0 0 0 0 0.333333333333333 0 0 0 0 0 0 0 0 0 -0.222222222222222 0 0 0.444444444444444 0.222222222222222 0 0 0 0 0.666666666666667 0.222222222222222 0.666666666666667 0.444444444444444 0 0 0 0.333333333333333 0 0 0 0 0 0 0 0 0.444444444444444
0.333333333333333 1 0.666666666666667 0.333333333333333 0.333333333333333 0.666666666666667 -0.666666666666667 -0.666666666666667 0.666666666666667 0.222222222222222 0 0 0 0 0 0 0 0 0 0 0.111111111111111 0.111111111111111 0.111111111111111 0.111111111111111 0.111111111111111 -0.111111111111111 0 0 0 0 0 0 0.111111111111111 0 0 0.555555555555556 0 0 0 0.444444444444444 0.444444444444444 0 0 0 0 0 0.333333333333333 0 0 0 0 0 0 0 0 0 0 0.111111111111111 0 0.444444444444444 0 0 0 0.111111111111111 0.555555555555556 0.111111111111111 0 0.111111111111111 0.444444444444444 0.555555555555556 0 0 0.333333333333333 0 0 0 0 0.111111111111111 0 0 0 0
0.285714285714286 1 0.642857142857143 0.357142857142857 0.357142857142857 0.75 -0.75 -0.75 0.75 0.25 0 0 0.107142857142857 0.107142857142857 0.107142857142857 0.0714285714285714 -0.0357142857142857 0.0357142857142857 0.0357142857142857 0.0357142857142857 0.107142857142857 0.107142857142857 0.107142857142857 0 0 0 0 -0.107142857142857 0 0.107142857142857 0.107142857142857 0.107142857142857 0.107142857142857 0 0 0.642857142857143 0 0 0 0.428571428571429 0.428571428571429 0 0 0 0 0 0.392857142857143 0 0 0 0 0 0 0 0 0 0.107142857142857 0.214285714285714 0 0.428571428571429 0 0 0 0.214285714285714 0.642857142857143 0 0 0 0.428571428571429 0.642857142857143 0 0 0.392857142857143 0 0 0 0 0.214285714285714 0 0 0 0
0.438141895333438 1 0.557273964864189 0.442726035135811 0.442726035135811 0.885164982728443 -0.885164982728443 -0.869958603828451 0.869958603828451 0.370009538715144 0 0 0.017447513914485 0.017447513914485 0.017447513914485 0.00474157490669655 -0.0127059390077884 0.00474157490669655 0.00474157490669655 0 0.134764449301266 0.134764449301266 0.134764449301266 0.134764449301266 0.121558422315037 -0.121558422315037 0.121558422315037 0.121558422315037 0.121558422315037 0 0 0 0.0350154193793352 0 0 0.789750048619665 0 0 0 0.643807706911401 0.643807706911401 0 0 0 0 0 0.456043192783916 0 0 0 0 0 0.0092608884896417 0 0 0 -0.121558422315037 0 0 0.643807706911401 0 0.1157796278975 0 0 0.789750048619665 0.238754966151453 0 0.238754966151453 0.643807706911401 0.789750048619665 0 0 0.456043192783916 0 0 0.1157796278975 0 0 0 0 0 0
0.3 1 0.7 0.3 0.3 0.6 -0.6 -0.6 0.6 0.3 0 0 0 0 0 0 0 0 0 0 0.1 0.1 0.1 0.1 0.1 -0.1 0.1 0.1 0.1 0 0 0 0 0 0 0.6 0 0 0 0.5 0.5 0 0 0 0 0 0.3 0 0 0 0 0 0 0 0 0 -0.1 0.1 0 0.5 0 0 0 0 0.6 0.2 0 0.2 0.5 0.6 0 0 0.3 0 0 0 0 0 0 0 0 0
0.444444444444444 1 0.555555555555556 0.444444444444444 0.444444444444444 0.888888888888889 -0.888888888888889 -0.888888888888889 0.888888888888889 0.111111111111111 0 0 0 0 0 0 0 0 0 0 0.111111111111111 0.111111111111111 0.111111111111111 0 0 0 0 -0.333333333333333 -0.222222222222222 0.333333333333333 0.111111111111111 0.111111111111111 0.333333333333333 0 0 0.222222222222222 0 0 0 0 0.333333333333333 0 0 0.333333333333333 0 0 0.444444444444444 0 0 0 0 0 0 0 0 0 0.333333333333333 0 0 0.333333333333333 0 0 0 0.444444444444444 0.222222222222222 0 0 0 0.333333333333333 0.222222222222222 0 0 0.444444444444444 0 0 0 0 0.444444444444444 0 0 0 0
0 1 1 0 0 1 -1 -1 1 0.4 0 0 1 1 0 0 0 0 0 0 0.4 0.4 0.4 0 0 0 0.4 0.4 0.8 0 0.4 0.4 0 0 0.4 2.4 0 0 2.4 1.6 1.6 0 0 0 1 1 1 0 0 0 0 0 0 0 0 0 -0.4 1 0 1.6 0 0 0 0 0 2.8 0 2.8 1.6 0 0 0 1 0 0 0 0 0 0 0 0 2.4
0.25 1 0.75 0.25 0.25 0.5 -0.5 -0.5 0.5 0.25 0 0 0 0 0 0 0 0 0 0 0 0 0 0 0 0 0 0 0 0 0 0 0 0 0 0.5 0 0 0.5 0.25 0.25 0.25 0.25 0 0 0 0.25 0 0 0 0 0 0 0 0 0 0 0 0 0.25 0.25 0 0 0 0 0.5 0.25 0.5 0.25 0 0 0 0.25 0 0 0 0 0 0 0 0 0.5
0.384615384615385 1 0.615384615384615 0.384615384615385 0.384615384615385 0.769230769230769 -0.769230769230769 -0.769230769230769 0.769230769230769 0.230769230769231 0 0 0 0 0 0 0 0 0 0 0.153846153846154 0.153846153846154 0.153846153846154 0 0 0 0.153846153846154 0.153846153846154 0 0 0.153846153846154 0.153846153846154 0.153846153846154 0.307692307692308 0 0.923076923076923 0 0 0 0.615384615384615 0.615384615384615 0 0 0 0 0 0.384615384615385 0 0 0 0 0 0 0 0 0 -0.153846153846154 0 0 0.615384615384615 0 0 0 0 0.923076923076923 0.153846153846154 0 0.153846153846154 0.615384615384615 0.923076923076923 0 0 0.384615384615385 0 0 0 0 0 0 0 0 0
0.0588235294117646 1 0.705882352941177 0.294117647058823 0.294117647058823 0.705882352941176 -0.705882352941176 -0.705882352941176 0.705882352941176 0.294117647058824 0 0 0.352941176470588 0.352941176470588 0.352941176470588 0.235294117647059 -0.117647058823529 0.117647058823529 0.117647058823529 0.117647058823529 0 0 0 0 0 0 0 0 0 0 0 0 0 0 0 0.705882352941176 0 0 0.705882352941176 0.705882352941176 0.705882352941176 0 0 0 0 0 0.411764705882353 0 0 0 0 0 0 0 0 0 0 0.705882352941176 0 0.705882352941176 0 0 0 0 0 1.05882352941176 0 1.05882352941176 0.705882352941176 0 0 0 0.411764705882353 0 0 0 0 0 0 0 0 0.705882352941176
0 1 1 0 0 1 -1 -1 1 0.4 0 0 1 1 0 0 0 0 0 0 0.4 0.4 0.4 0 0 0 0.4 0.4 0.8 0 0.4 0.4 0 0 0.4 2.4 0 0 0 1.6 1.6 0 0 0 1 1 1 0 0 0 0 0 0 0 0 0 -0.4 1 0 1.6 0 0 0 0 2.4 0.4 0 0.4 1.6 2.4 0 0 1 0 0 0 0 0 0 0 0 0
0.384615384615385 1 0.615384615384615 0.384615384615385 0.384615384615385 0.769230769230769 -0.769230769230769 -0.769230769230769 0.769230769230769 0.230769230769231 0 0 0 0 0 0 0 0 0 0 0.153846153846154 0.153846153846154 0.153846153846154 0 0 0 0 0 0 0 0.153846153846154 0.153846153846154 0.153846153846154 0.153846153846154 0 0.769230769230769 0 0 0 0.461538461538462 0.461538461538462 0 0 0 0 0 0.384615384615385 0 0 0 0 0 0 0 0 0 0 0 0 0.461538461538462 0 0 0 0.153846153846154 0.769230769230769 0 0 0 0.461538461538462 0.769230769230769 0 0 0.384615384615385 0 0 0 0 0.153846153846154 0 0 0 0
0.333333333333333 1 0.666666666666667 0.333333333333333 0.333333333333333 0.666666666666667 -0.666666666666667 -0.666666666666667 0.666666666666667 0.333333333333333 0 0 0 0 0 0 0 0 0 0 0.133333333333333 0.133333333333333 0.133333333333333 0 0 0 0 0 0.133333333333333 0 0.133333333333333 0.133333333333333 0 0 0 0.666666666666667 0 0 0.666666666666667 0.4 0.4 0 0 0 0 0 0.333333333333333 0 0 0 0 0 0 0 0 0 0 0 0 0.4 0 0 0 0.133333333333333 0 0.666666666666667 0 0.666666666666667 0.4 0 0 0 0.333333333333333 0 0 0 0 0.133333333333333 0 0 0 0.666666666666667
0.3 1 0.7 0.3 0.3 0.6 -0.6 -0.6 0.6 0.3 0 0 0 0 0 0 0 0 0 0 0.1 0.1 0.1 0.1 0.1 -0.1 0.1 0.1 0.1 0 0 0 0 0 0 0.6 0 0 0.6 0.5 0.5 0 0 0 0 0 0.3 0 0 0 0 0 0 0 0 0 -0.1 0.1 0 0.5 0 0 0 0 0 0.8 0 0.8 0.5 0 0 0 0.3 0 0 0 0 0 0 0 0 0.6
0.392861595196609 1 0.611550983842771 0.388449016157229 0.388449016157229 0.773076889624641 -0.773076889624641 -0.763555924075808 0.763555924075808 0.364843747735002 0 0 0 0 0 -0.00431400631445279 -0.00431400631445279 -0.000672613887737263 -0.000672613887737263 -0.00364139242671553 0.1281503408007 0.1281503408007 0.1281503408007 0.106226607097816 0.0979580949951148 -0.0979580949951148 0.119881828697999 0.119881828697999 0.141805562400884 0 0.0219237337028844 0.0219237337028844 0 0 0 0.735259753626172 0 0 0 0.578187015652769 0.578187015652769 0 0 0 0 0 0.393145716580222 0 0 0 0 0 0.00579839558394192 0 0 0 -0.119881828697999 0 0 0.578187015652769 0 0.0724915415904419 0 0 0.735259753626172 0.204184702092931 0 0.204184702092931 0.578187015652769 0.735259753626172 0 0 0.393145716580222 0 0 0.0724915415904419 0 0 0 0 0 0
0.384615384615385 1 0.615384615384615 0.384615384615385 0.384615384615385 0.769230769230769 -0.769230769230769 -0.769230769230769 0.769230769230769 0.230769230769231 0 0 0 0 0 0 0 0 0 0 0.153846153846154 0.153846153846154 0.153846153846154 0 0 0 0 -0.153846153846154 0 0.153846153846154 0.153846153846154 0.153846153846154 0.153846153846154 0 0 0.615384615384615 0 0 0.153846153846154 0.307692307692308 0.307692307692308 0 0 0 0 0 0.384615384615385 0 0 0 0 0 0 0 0 0 0.153846153846154 0 0 0.307692307692308 0 0 0 0.307692307692308 0.461538461538462 0 0 0 0.307692307692308 0.461538461538462 0 0 0.384615384615385 0 0 0 0 0.307692307692308 0 0 0 0.153846153846154
0.333333333333333 1 0.666666666666667 0.333333333333333 0.333333333333333 0.666666666666667 -0.666666666666667 -0.666666666666667 0.666666666666667 0.333333333333333 0 0.666666666666667 0 0 0 0 0 0 0 0 0 0 0 0 0 0 0 0 0 0 0 0 0 0 0 0 0 0 0 0.666666666666667 0.666666666666667 0 0 0 0 0 0.333333333333333 0 0 0 0 0 0 0 0 0 0 0 0 0.666666666666667 0 0 0 0 0 0.666666666666667 0 0.666666666666667 0.666666666666667 0 0 0 0.333333333333333 0 0 0 0 0 0 0 0 0
0.428571428571429 1 0.571428571428571 0.428571428571429 0.428571428571429 0.857142857142857 -0.857142857142857 -0.857142857142857 0.857142857142857 0.142857142857143 0 0 0 0 0 0 0 0 0 0 0 0 0 0 0 0 0 -0.285714285714286 -0.285714285714286 0.285714285714286 0 0 0.285714285714286 0 0 0.285714285714286 0.285714285714286 0 0.285714285714286 0.285714285714286 0.285714285714286 0 0 0 0 0 0.428571428571429 0 0 0 0 0 0 0 0 0 0 0 0 0.285714285714286 0.285714285714286 0 0 0.285714285714286 0 0.285714285714286 0.285714285714286 0.285714285714286 0.285714285714286 0 0 0 0.428571428571429 0 0 0 0 0.285714285714286 0 0 0 0.285714285714286
0.394765372775734 1 0.608412042946167 0.391587957053833 0.391587957053833 0.779914407988588 -0.779914407988588 -0.770051805691118 0.770051805691118 0.36713567084616 0 0 0.00209024701554171 0.00209024701554171 0.00209024701554171 -0.00307530595390044 -0.00516555296944215 0 0 -0.00307530595390044 0.128568210826639 0.128568210826639 0.128568210826639 0.105857797131917 0.0972925895337488 -0.0972925895337488 0.120003003228471 0.120003003228471 0.142713416923192 0 0.0227104136947218 0.0227104136947218 0 0 0 0.740740295818004 0 0 0 0.582211877768601 0.582211877768601 0 0 0 0 0 0.397149936181395 0 0 0 0 0 0.0060064569412118 0 0 0 -0.120003003228471 0 0 0.582211877768601 0 0.07509272467903 0 0 0.740740295818004 0.205240633681207 0 0.205240633681207 0.582211877768601 0.740740295818004 0 0 0.397149936181395 0 0 0.07509272467903 0 0 0 0 0 0
0.472344424730007 1 0.533821063121309 0.466178936878691 0.466178936878691 0.92701877192556 -0.92701877192556 -0.913715577376467 0.913715577376467 0.265691207090716 0 0 0 0 0 -0.0060277568480665 -0.0060277568480665 -0.000939811551580261 -0.000939811551580261 -0.00508794529648624 0.148425410559917 0.148425410559917 0.148425410559917 0.148425410559917 0.136872209934456 -0.136872209934456 0 0 0 0 0 0 0.16750520542174 0 0 0.706673472198592 0 0 0.706673472198592 0.548469160408008 0.548469160408008 0 0 0 0 0 0.472741414092312 0 0 0 0 0 0.00810182372051949 0 0 0 0 0 0 0.548469160408008 0 0.101289000153935 0 0.136872209934456 0 0.824465887271225 0 0.824465887271225 0.548469160408008 0 0 0 0.472741414092312 0 0 0.101289000153935 0 0.136872209934456 0 0 0 0.706673472198592
0.472344424730007 1 0.533821063121309 0.466178936878691 0.466178936878691 0.92701877192556 -0.92701877192556 -0.913715577376467 0.913715577376467 0.265691207090716 0 0 0 0 0 -0.0060277568480665 -0.0060277568480665 -0.000939811551580261 -0.000939811551580261 -0.00508794529648624 0.148425410559917 0.148425410559917 0.148425410559917 0.148425410559917 0.136872209934456 -0.136872209934456 0 0 0 0 0 0 0.16750520542174 0 0 0.706673472198592 0 0 0 0.548469160408008 0.548469160408008 0 0 0 0 0 0.472741414092312 0 0 0 0 0 0.00810182372051949 0 0 0 0 0 0 0.548469160408008 0 0.101289000153935 0 0.136872209934456 0.706673472198592 0.117792415072633 0 0.117792415072633 0.548469160408008 0.706673472198592 0 0 0.472741414092312 0 0 0.101289000153935 0 0.136872209934456 0 0 0 0
0.476263425616372 1 0.528213895777437 0.471786104222563 0.471786104222563 0.938976394613672 -0.938976394613672 -0.925078924427216 0.925078924427216 0.268233023842371 0 0 0.00294538344999196 0.00294538344999196 0.00294538344999196 -0.0043334377195284 -0.00727882116952036 0 0 -0.0043334377195284 0.149165051501892 0.149165051501892 0.149165051501892 0.149165051501892 0.137095750353361 -0.137095750353361 0 0 0 0 0 0 0.169097172262613 0 0 0.714678673900348 0 0 0 0.55529788152449 0.55529788152449 0 0 0 0 0 0.479623532598116 0 0 0 0 0 0.00846374554595391 0 0 0 0 0 0 0.55529788152449 0 0.105813746815516 0 0.137095750353361 0.714678673900348 0.120109013042632 0 0.120109013042632 0.55529788152449 0.714678673900348 0 0 0.479623532598116 0 0 0.105813746815516 0 0.137095750353361 0 0 0 0
0.486286771264659 1 0.513872848652151 0.486127151347849 0.486127151347849 0.969559542923674 -0.969559542923674 -0.954142136841216 0.954142136841216 0.274734045050374 0 0 0.0104785780682234 0.0104785780682234 0.0104785780682234 0 -0.0104785780682234 0.00240368815901899 0.00240368815901899 -0.00240368815901899 0.15105677774335 0.15105677774335 0.15105677774335 0.15105677774335 0.137667483545064 -0.137667483545064 0 0 0 0 0 0 0.17316883092495 0 0 0.735153000384966 0 0 0 0.572763208548116 0.572763208548116 0 0 0 0 0 0.49722543026957 0 0 0 0 0 0.00938940687116795 0 0 0 0 0 0 0.572763208548116 0 0.117386364703342 0 0.137667483545064 0.735153000384966 0.126034008431687 0 0.126034008431687 0.572763208548116 0.735153000384966 0 0 0.49722543026957 0 0 0.117386364703342 0 0.137667483545064 0 0 0 0
0.354838709677419 1 0.645161290322581 0.354838709677419 0.354838709677419 0.709677419354839 -0.709677419354839 -0.709677419354839 0.709677419354839 0.225806451612903 0 0 0 0 0 0 0 0 0 0 0.129032258064516 0.129032258064516 0.129032258064516 0.0645161290322581 0.0645161290322581 -0.0645161290322581 0 -0.0645161290322581 0 0.0645161290322581 0.0645161290322581 0.0645161290322581 0.129032258064516 0 0 0.580645161290323 0 0 0 0.387096774193548 0.387096774193548 0 0 0 0 0 0.354838709677419 0 0 0 0 0 0 0 0 0 0.0645161290322581 0.0645161290322581 0 0.387096774193548 0 0 0 0.193548387096774 0.580645161290323 0 0 0 0.387096774193548 0.580645161290323 0 0 0.354838709677419 0 0 0 0 0.193548387096774 0 0 0 0
0.333333333333333 1 0.666666666666667 0.333333333333333 0.333333333333333 0.666666666666667 -0.666666666666667 -0.666666666666667 0.666666666666667 0.222222222222222 0 0 0 0 0 0 0 0 0 0 0.111111111111111 0.111111111111111 0.111111111111111 0.111111111111111 0.111111111111111 -0.111111111111111 0.111111111111111 0.111111111111111 0 0 0 0 0.111111111111111 0.111111111111111 0 0.666666666666667 0 0 0 0.555555555555556 0.555555555555556 0 0 0 0 0 0.333333333333333 0 0 0 0 0 0 0 0 0 -0.111111111111111 0.111111111111111 0 0.555555555555556 0 0 0 0 0.666666666666667 0.222222222222222 0 0.222222222222222 0.555555555555556 0.666666666666667 0 0 0.333333333333333 0 0 0 0 0 0 0 0 0
0.405107782999511 1 0.5913595181256 0.4086404818744 0.4086404818744 0.817059724021282 -0.817059724021282 -0.805341155228216 0.805341155228216 0.379586709915465 0 0 0.0134456660207894 0.0134456660207894 0.0134456660207894 0.00365402388675381 -0.00979164213403559 0.00365402388675381 0.00365402388675381 0 0.130838320148159 0.130838320148159 0.130838320148159 0.103854210156331 0.0936771826904892 -0.0936771826904892 0.120661292682318 0.120661292682318 0.147645402674146 0 0.0269841099918284 0.0269841099918284 0 0 0 0.770513740057594 0 0 0 0.6040772340752 0.6040772340752 0 0 0 0 0 0.418903150525087 0 0 0 0 0 0.00713676540381603 0 0 0 -0.120661292682318 0 0 0.6040772340752 0 0.089223841078508 0 0 0.770513740057594 0.210977058867609 0 0.210977058867609 0.6040772340752 0.770513740057594 0 0 0.418903150525087 0 0 0.089223841078508 0 0 0 0 0 0
0.333333333333333 1 0.666666666666667 0.333333333333333 0.333333333333333 0.666666666666667 -0.666666666666667 -0.666666666666667 0.666666666666667 0.333333333333333 0 0 0 0 0 0 0 0 0 0 0.133333333333333 0.133333333333333 0.133333333333333 0 0 0 0.133333333333333 0.133333333333333 0.133333333333333 0 0.133333333333333 0.133333333333333 0 0.133333333333333 0 0.8 0 0 0.8 0.533333333333333 0.533333333333333 0 0 0 0 0 0.333333333333333 0 0 0 0 0 0 0 0 0 -0.133333333333333 0 0 0.533333333333333 0 0 0 0 0 0.933333333333334 0 0.933333333333334 0.533333333333333 0 0 0 0.333333333333333 0 0 0 0 0 0 0 0 0.8
0.384615384615385 1 0.615384615384615 0.384615384615385 0.384615384615385 0.769230769230769 -0.769230769230769 -0.769230769230769 0.769230769230769 0.230769230769231 0 0 0 0 0 0 0 0 0 0 0.153846153846154 0.153846153846154 0.153846153846154 0 0 0 0 0 0 0 0.153846153846154 0.153846153846154 0.153846153846154 0.153846153846154 0 0.769230769230769 0 0 0.769230769230769 0.461538461538462 0.461538461538462 0 0 0 0 0 0.384615384615385 0 0 0 0 0 0 0 0 0 0 0 0 0.461538461538462 0 0 0 0.153846153846154 0 0.769230769230769 0 0.769230769230769 0.461538461538462 0 0 0 0.384615384615385 0 0 0 0 0.153846153846154 0 0 0 0.769230769230769
0.333333333333333 1 0.666666666666667 0.333333333333333 0.333333333333333 0.666666666666667 -0.666666666666667 -0.666666666666667 0.666666666666667 0.466666666666667 0 0 0 0 0 0 0 0 0 0 0.133333333333333 0.133333333333333 0.133333333333333 0 0 0 0.133333333333333 0.133333333333333 0.266666666666667 0 0.133333333333333 0.133333333333333 0 0 0.133333333333333 0.8 0 0 0.8 0.533333333333333 0.533333333333333 0 0 0 0 0 0.333333333333333 0 0 0 0 0 0 0 0 0 -0.133333333333333 0 0 0.533333333333333 0 0 0 0 0 0.933333333333333 0 0.933333333333333 0.533333333333333 0 0 0 0.333333333333333 0 0 0 0 0 0 0 0 0.8
0.673085328541596 1 0.149519207420718 0.850480792579282 0.850480792579282 1.77951532222816 -1.77951532222816 -1.71970763925987 1.71970763925987 0.702199990287019 0 0 0.307670827060366 0.307670827060366 0.307670827060366 0.178014666601914 -0.129656160458453 0.0983317954446118 0.0983317954446118 0.0796828711573018 0.189658103054733 0.189658103054733 0.189658103054733 0.0519401680345782 0 0 0.137717935020154 0.137717935020154 0.275435870040309 0 0.137717935020154 0.137717935020154 0 0 0 1.54196007964645 0 0 1.54196007964645 1.17062065951144 1.17062065951144 0 0 0 0 0 0.982540915934146 0 0 0 0 0 0.0364236802486523 0 0 0 -0.137717935020154 0 0 1.17062065951144 0 0.455368850468651 0 0 0 1.90157107474139 0 1.90157107474139 1.17062065951144 0 0 0 0.982540915934146 0 0 0.455368850468651 0 0 0 0 0 1.54196007964645
0.498771809604133 1 0.496009699014285 0.503990300985715 0.503990300985715 1.00765378735965 -1.00765378735965 -0.990343155342365 0.990343155342365 0.282831690474935 0 0 0.0198618944705076 0.0198618944705076 0.0198618944705076 0.00539771229771757 -0.01446418217279 0.00539771229771757 0.00539771229771757 0 0.153413104211692 0.153413104211692 0.153413104211692 0.153413104211692 0.138379632070002 -0.138379632070002 0 0 0 0 0 0 0.178240472299826 0 0 0.760655737704918 0 0 0 0.594517948447631 0.594517948447631 0 0 0 0 0 0.519150282009383 0 0 0 0 0 0.0105424068314796 0 0 0 0 0 0 0.594517948447631 0 0.131801170207158 0 0.138379632070002 0.760655737704918 0.133414158452375 0 0.133414158452375 0.594517948447631 0.760655737704918 0 0 0.519150282009383 0 0 0.131801170207158 0 0.138379632070002 0 0 0 0
0.673085328541596 1 0.149519207420718 0.850480792579282 0.850480792579282 1.77951532222816 -1.77951532222816 -1.71970763925987 1.71970763925987 0.702199990287019 0 0 0.307670827060366 0.307670827060366 0.307670827060366 0.178014666601914 -0.129656160458453 0.0983317954446118 0.0983317954446118 0.0796828711573018 0.189658103054733 0.189658103054733 0.189658103054733 0.0519401680345782 0 0 0.137717935020154 0.137717935020154 0.275435870040309 0 0.137717935020154 0.137717935020154 0 0 0 1.54196007964645 0 0 0 1.17062065951144 1.17062065951144 0 0 0 0 0 0.982540915934146 0 0 0 0 0 0.0364236802486523 0 0 0 -0.137717935020154 0 0 1.17062065951144 0 0.455368850468651 0 0 1.54196007964645 0.359610995094945 0 0.359610995094945 1.17062065951144 1.54196007964645 0 0 0.982540915934146 0 0 0.455368850468651 0 0 0 0 0 0
0.476263425616372 1 0.528213895777437 0.471786104222563 0.471786104222563 0.938976394613672 -0.938976394613672 -0.925078924427216 0.925078924427216 0.268233023842371 0 0 0.00294538344999196 0.00294538344999196 0.00294538344999196 -0.0043334377195284 -0.00727882116952036 0 0 -0.0043334377195284 0.149165051501892 0.149165051501892 0.149165051501892 0.149165051501892 0.137095750353361 -0.137095750353361 0 0 0 0 0 0 0.169097172262613 0 0 0.714678673900348 0 0 0.714678673900348 0.55529788152449 0.55529788152449 0 0 0 0 0 0.479623532598116 0 0 0 0 0 0.00846374554595391 0 0 0 0 0 0 0.55529788152449 0 0.105813746815516 0 0.137095750353361 0 0.83478768694298 0 0.83478768694298 0.55529788152449 0 0 0 0.479623532598116 0 0 0.105813746815516 0 0.137095750353361 0 0 0 0.714678673900348
0.363636363636364 1 0.636363636363636 0.363636363636364 0.363636363636364 0.727272727272727 -0.727272727272727 -0.727272727272727 0.727272727272727 0.272727272727273 0 0 0 0 0 0 0 0 0 0 0.0909090909090909 0.0909090909090909 0.0909090909090909 0 0 0 0 -0.0909090909090909 0 0.0909090909090909 0.0909090909090909 0.0909090909090909 0.0909090909090909 0 0 0.545454545454545 0.0909090909090909 0 0.545454545454545 0.363636363636364 0.363636363636364 0 0 0 0 0 0.363636363636364 0 0 0 0 0 0 0 0 0 0 0 0 0.363636363636364 0.0909090909090909 0 0 0.181818181818182 0 0.545454545454545 0.0909090909090909 0.545454545454545 0.363636363636364 0 0 0 0.363636363636364 0 0 0 0 0.181818181818182 0 0 0 0.545454545454545
0.41547714914875 1 0.589946053034784 0.410053946965216 0.410053946965216 0.815411586126294 -0.815411586126294 -0.803710011901114 0.803710011901114 0.354097332582684 0 0 0 0 0 -0.00530205312030102 -0.00530205312030102 -0.000826664196175965 -0.000826664196175965 -0.00447538892412505 0.130555931671928 0.130555931671928 0.130555931671928 0.130555931671928 0.120393663191351 -0.120393663191351 0.120393663191351 0.120393663191351 0.120393663191351 0 0 0 0.0269449769460459 0 0 0.741988127391803 0 0 0 0.602830612230354 0.602830612230354 0 0 0 0 0 0.415826343507479 0 0 0 0 0 0.00712641548427556 0 0 0 -0.120393663191351 0 0 0.602830612230354 0 0.0890944463844131 0 0 0.741988127391803 0.224004617917234 0 0.224004617917234 0.602830612230354 0.741988127391803 0 0 0.415826343507479 0 0 0.0890944463844131 0 0 0 0 0 0
0.445753405321477 1 0.551451760886442 0.448548239113558 0.448548239113558 0.896921448232056 -0.896921448232056 -0.887650504622768 0.887650504622768 0.258651986731597 0 0 0.0106373067965276 0.0106373067965276 0.0106373067965276 0.00289081798292046 -0.00774648881360717 0.00289081798292046 0.00289081798292046 0 0.15361422824476 0.15361422824476 0.15361422824476 0.0821624673583175 0.0741110875855742 -0.0741110875855742 0 -0.0714517608864422 0 0.0714517608864422 0.0714517608864422 0.0714517608864422 0.166910861740419 0 0 0.693186533982638 0 0 0 0.461305667301856 0.461305667301856 0 0 0 0 0 0.456667372432776 0 0 0 0 0 0.00564612887289152 0 0 0 0.0714517608864422 0 0 0.461305667301856 0 0.0705879031688898 0 0.217014609358459 0.693186533982638 0 0 0 0.461305667301856 0.693186533982638 0 0 0.456667372432776 0 0 0.0705879031688898 0 0.217014609358459 0 0 0 0
0.375 1 0.625 0.375 0.375 0.75 -0.75 -0.75 0.75 0.125 0 0 0 0 0 0 0 0 0 0 0.125 0.125 0.125 0.125 0.125 -0.125 0 -0.125 -0.125 0.125 0 0 0.25 0 0 0.5 0 0 0 0.375 0.375 0 0 0 0 0 0.375 0 0 0 0 0 0 0 0 0 0.125 0.125 0 0.375 0 0 0 0.25 0.5 0 0 0 0.375 0.5 0 0 0.375 0 0 0 0 0.25 0 0 0 0
0.418841971283746 1 0.585095534763936 0.414904465236064 0.414904465236064 0.825767218215245 -0.825767218215245 -0.813545318536052 0.813545318536052 0.356459668475389 0 0 0.00259026862872072 0.00259026862872072 0.00259026862872072 -0.00381096993650864 -0.00640123856522936 0 0 -0.00381096993650864 0.131180730783259 0.131180730783259 0.131180730783259 0.131180730783259 0.120566584046029 -0.120566584046029 0.120566584046029 0.120566584046029 0.120566584046029 0 0 0 0.0281431197850375 0 0 0.749078891543666 0 0 0 0.608914096867115 0.608914096867115 0 0 0 0 0 0.421796961644672 0 0 0 0 0 0.00744330065724345 0 0 0 -0.120566584046029 0 0 0.608914096867115 0 0.0930561448168576 0 0 0.749078891543666 0.226194463672971 0 0.226194463672971 0.608914096867115 0.749078891543666 0 0 0.421796961644672 0 0 0.0930561448168576 0 0 0 0 0 0
0.472344424730007 1 0.533821063121309 0.466178936878691 0.466178936878691 0.92701877192556 -0.92701877192556 -0.913715577376467 0.913715577376467 0.265691207090716 0 0 0 0 0 -0.0060277568480665 -0.0060277568480665 -0.000939811551580261 -0.000939811551580261 -0.00508794529648624 0.148425410559917 0.148425410559917 0.148425410559917 0.148425410559917 0.136872209934456 -0.136872209934456 0.136872209934456 0.136872209934456 0 0 0 0 0.16750520542174 0.136872209934456 0 0.843545682133048 0 0 0 0.685341370342464 0.685341370342464 0 0 0 0 0 0.472741414092312 0 0 0 0 0 0.00810182372051949 0 0 0 -0.136872209934456 0 0 0.685341370342464 0 0.101289000153935 0 0 0.843545682133048 0.254664625007089 0 0.254664625007089 0.685341370342464 0.843545682133048 0 0 0.472741414092312 0 0 0.101289000153935 0 0 0 0 0 0
0.498771809604133 1 0.496009699014285 0.503990300985715 0.503990300985715 1.00765378735965 -1.00765378735965 -0.990343155342365 0.990343155342365 0.282831690474935 0 0 0.0198618944705076 0.0198618944705076 0.0198618944705076 0.00539771229771757 -0.01446418217279 0.00539771229771757 0.00539771229771757 0 0.153413104211692 0.153413104211692 0.153413104211692 0.153413104211692 0.138379632070002 -0.138379632070002 0 0 0 0 0 0 0.178240472299826 0 0 0.760655737704918 0 0 0.760655737704918 0.594517948447631 0.594517948447631 0 0 0 0 0 0.519150282009383 0 0 0 0 0 0.0105424068314796 0 0 0 0 0 0 0.594517948447631 0 0.131801170207158 0 0.138379632070002 0 0.894069896157293 0 0.894069896157293 0.594517948447631 0 0 0 0.519150282009383 0 0 0.131801170207158 0 0.138379632070002 0 0 0 0.760655737704918
0.384615384615385 1 0.615384615384615 0.384615384615385 0.384615384615385 0.769230769230769 -0.769230769230769 -0.769230769230769 0.769230769230769 0.230769230769231 0 0 0 0 0 0 0 0 0 0 0.153846153846154 0.153846153846154 0.153846153846154 0 0 0 0 -0.153846153846154 0 0.153846153846154 0.153846153846154 0.153846153846154 0.153846153846154 0 0 0.615384615384615 0 0 0.615384615384615 0.307692307692308 0.307692307692308 0 0 0 0 0 0.384615384615385 0 0 0 0 0 0 0 0 0 0.153846153846154 0 0 0.307692307692308 0 0 0 0.307692307692308 0 0.461538461538462 0 0.461538461538462 0.307692307692308 0 0 0 0.384615384615385 0 0 0 0 0.307692307692308 0 0 0 0.615384615384615
0.486286771264659 1 0.513872848652151 0.486127151347849 0.486127151347849 0.969559542923674 -0.969559542923674 -0.954142136841216 0.954142136841216 0.274734045050374 0 0 0.0104785780682234 0.0104785780682234 0.0104785780682234 0 -0.0104785780682234 0.00240368815901899 0.00240368815901899 -0.00240368815901899 0.15105677774335 0.15105677774335 0.15105677774335 0.15105677774335 0.137667483545064 -0.137667483545064 0 0 0 0 0 0 0.17316883092495 0 0 0.735153000384966 0 0 0.735153000384966 0.572763208548116 0.572763208548116 0 0 0 0 0 0.49722543026957 0 0 0 0 0 0.00938940687116795 0 0 0 0 0 0 0.572763208548116 0 0.117386364703342 0 0.137667483545064 0 0.861187008816653 0 0.861187008816653 0.572763208548116 0 0 0 0.49722543026957 0 0 0.117386364703342 0 0.137667483545064 0 0 0 0.735153000384966
0.399491857654913 1 0.600619033485863 0.399380966514137 0.399380966514137 0.796889829651639 -0.796889829651639 -0.786179050054304 0.786179050054304 0.372825799802353 0 0 0.00727967724155026 0.00727967724155026 0.00727967724155026 0 -0.00727967724155026 0.00166989011992551 0.00166989011992551 -0.00166989011992551 0.129605651534375 0.129605651534375 0.129605651534375 0.104942157224069 0.095640347415421 -0.095640347415421 0.120303841725727 0.120303841725727 0.144967336036033 0 0.024663494310306 0.024663494310306 0 0 0 0.754346769643224 0 0 0 0.592204352803426 0.592204352803426 0 0 0 0 0 0.40709116230223 0 0 0 0 0 0.00652300828095901 0 0 0 -0.120303841725727 0 0 0.592204352803426 0 0.0815506495285496 0 0 0.754346769643224 0.20786218188104 0 0.20786218188104 0.592204352803426 0.754346769643224 0 0 0.40709116230223 0 0 0.0815506495285496 0 0 0 0 0 0
0.392861595196609 1 0.611550983842771 0.388449016157229 0.388449016157229 0.773076889624641 -0.773076889624641 -0.763555924075808 0.763555924075808 0.364843747735002 0 0 0 0 0 -0.00431400631445279 -0.00431400631445279 -0.000672613887737263 -0.000672613887737263 -0.00364139242671553 0.1281503408007 0.1281503408007 0.1281503408007 0.106226607097816 0.0979580949951149 -0.0979580949951149 0.119881828697999 0.119881828697999 0.141805562400884 0 0.0219237337028844 0.0219237337028844 0 0 0 0.735259753626172 0 0 0.735259753626172 0.578187015652769 0.578187015652769 0 0 0 0 0 0.393145716580222 0 0 0 0 0 0.00579839558394192 0 0 0 -0.119881828697999 0 0 0.578187015652769 0 0.0724915415904419 0 0 0 0.939444455719102 0 0.939444455719102 0.578187015652769 0 0 0 0.393145716580222 0 0 0.0724915415904419 0 0 0 0 0 0.735259753626172
0.405107782999511 1 0.5913595181256 0.4086404818744 0.4086404818744 0.817059724021282 -0.817059724021282 -0.805341155228216 0.805341155228216 0.379586709915465 0 0 0.0134456660207894 0.0134456660207894 0.0134456660207894 0.00365402388675381 -0.00979164213403559 0.00365402388675381 0.00365402388675381 0 0.130838320148159 0.130838320148159 0.130838320148159 0.103854210156331 0.0936771826904892 -0.0936771826904892 0.120661292682318 0.120661292682318 0.147645402674146 0 0.0269841099918284 0.0269841099918284 0 0 0 0.770513740057594 0 0 0.770513740057594 0.6040772340752 0.6040772340752 0 0 0 0 0 0.418903150525087 0 0 0 0 0 0.00713676540381603 0 0 0 -0.120661292682318 0 0 0.6040772340752 0 0.089223841078508 0 0 0 0.981490798925203 0 0.981490798925203 0.6040772340752 0 0 0 0.418903150525087 0 0 0.089223841078508 0 0 0 0 0 0.770513740057594
0.384615384615385 1 0.615384615384615 0.384615384615385 0.384615384615385 0.769230769230769 -0.769230769230769 -0.769230769230769 0.769230769230769 0.230769230769231 0 0 0 0 0 0 0 0 0 0 0.153846153846154 0.153846153846154 0.153846153846154 0 0 0 0.153846153846154 0.153846153846154 0 0 0.153846153846154 0.153846153846154 0.153846153846154 0.307692307692308 0 0.923076923076923 0 0 0.923076923076923 0.615384615384615 0.615384615384615 0 0 0 0 0 0.384615384615385 0 0 0 0 0 0 0 0 0 -0.153846153846154 0 0 0.615384615384615 0 0 0 0 0 1.07692307692308 0 1.07692307692308 0.615384615384615 0 0 0 0.384615384615385 0 0 0 0 0 0 0 0 0.923076923076923
0.333333333333333 1 0.666666666666667 0.333333333333333 0.333333333333333 0.666666666666667 -0.666666666666667 -0.666666666666667 0.666666666666667 0.222222222222222 0 0 0 0 0 0 0 0 0 0 0.111111111111111 0.111111111111111 0.111111111111111 0.111111111111111 0.111111111111111 -0.111111111111111 0.111111111111111 0.111111111111111 0 0 0 0 0.111111111111111 0.111111111111111 0 0.666666666666667 0 0 0.666666666666667 0.555555555555556 0.555555555555556 0 0 0 0 0 0.333333333333333 0 0 0 0 0 0 0 0 0 -0.111111111111111 0.111111111111111 0 0.555555555555556 0 0 0 0 0 0.888888888888889 0 0.888888888888889 0.555555555555556 0 0 0 0.333333333333333 0 0 0 0 0 0 0 0 0.666666666666667
0.399491857654913 1 0.600619033485863 0.399380966514137 0.399380966514137 0.796889829651639 -0.796889829651639 -0.786179050054304 0.786179050054304 0.372825799802353 0 0 0.00727967724155026 0.00727967724155026 0.00727967724155026 0 -0.00727967724155026 0.00166989011992551 0.00166989011992551 -0.00166989011992551 0.129605651534375 0.129605651534375 0.129605651534375 0.104942157224069 0.095640347415421 -0.095640347415421 0.120303841725727 0.120303841725727 0.144967336036033 0 0.024663494310306 0.024663494310306 0 0 0 0.754346769643224 0 0 0.754346769643224 0.592204352803426 0.592204352803426 0 0 0 0 0 0.40709116230223 0 0 0 0 0 0.00652300828095901 0 0 0 -0.120303841725727 0 0 0.592204352803426 0 0.0815506495285496 0 0 0 0.962208951524264 0 0.962208951524264 0.592204352803426 0 0 0 0.40709116230223 0 0 0.0815506495285496 0 0 0 0 0 0.754346769643224
0.41547714914875 1 0.589946053034784 0.410053946965216 0.410053946965216 0.815411586126294 -0.815411586126294 -0.803710011901114 0.803710011901114 0.354097332582684 0 0 0 0 0 -0.00530205312030102 -0.00530205312030102 -0.000826664196175965 -0.000826664196175965 -0.00447538892412505 0.130555931671928 0.130555931671928 0.130555931671928 0.130555931671928 0.120393663191351 -0.120393663191351 0.120393663191351 0.120393663191351 0.120393663191351 0 0 0 0.0269449769460459 0 0 0.741988127391803 0 0 0.741988127391803 0.602830612230354 0.602830612230354 0 0 0 0 0 0.415826343507479 0 0 0 0 0 0.00712641548427556 0 0 0 -0.120393663191351 0 0 0.602830612230354 0 0.0890944463844131 0 0 0 0.965992745309037 0 0.965992745309037 0.602830612230354 0 0 0 0.415826343507479 0 0 0.0890944463844131 0 0 0 0 0 0.741988127391803
0.42744191804564 1 0.572698386497751 0.427301613502249 0.427301613502249 0.852234556183716 -0.852234556183716 -0.838682787933809 0.838682787933809 0.362497420872364 0 0 0.00921058061321338 0.00921058061321338 0.00921058061321338 0 -0.00921058061321338 0.00211282135930343 0.00211282135930343 -0.00211282135930343 0.132777617298725 0.132777617298725 0.132777617298725 0.132777617298725 0.12100854207073 -0.12100854207073 0.12100854207073 0.12100854207073 0.12100854207073 0 0 0 0.0312053810918995 0 0 0.767201749680188 0 0 0 0.624462509800685 0.624462509800685 0 0 0 0 0 0.437056905872158 0 0 0 0 0 0.00825320843477902 0 0 0 -0.12100854207073 0 0 0.624462509800685 0 0.103181611851607 0 0 0.767201749680188 0.231791358890769 0 0.231791358890769 0.624462509800685 0.767201749680188 0 0 0.437056905872158 0 0 0.103181611851607 0 0 0 0 0 0
0.333333333333333 1 0.666666666666667 0.333333333333333 0.333333333333333 0.666666666666667 -0.666666666666667 -0.666666666666667 0.666666666666667 0.222222222222222 0 0 0 0 0 0 0 0 0 0 0.111111111111111 0.111111111111111 0.111111111111111 0.111111111111111 0.111111111111111 -0.111111111111111 0 0 0 0 0 0 0.111111111111111 0 0 0.555555555555556 0 0 0.555555555555556 0.444444444444444 0.444444444444444 0 0 0 0 0 0.333333333333333 0 0 0 0 0 0 0 0 0 0 0.111111111111111 0 0.444444444444444 0 0 0 0.111111111111111 0 0.666666666666667 0 0.666666666666667 0.444444444444444 0 0 0 0.333333333333333 0 0 0 0 0.111111111111111 0 0 0 0.555555555555556
0.43430190540649 1 0.569190001491288 0.430809998508713 0.430809998508713 0.858596124946944 -0.858596124946944 -0.851061681942803 0.851061681942803 0.250547761348124 0 0 0 0 0 -0.00341390109322841 -0.00341390109322841 -0.000532274901632386 -0.000532274901632386 -0.00288162619159602 0.15077604304085 0.15077604304085 0.15077604304085 0.0840627258440113 0.0775194154153235 -0.0775194154153235 0 -0.0667133171968385 0 0.0667133171968385 0.0667133171968385 0.0667133171968385 0.161582141259335 0 0 0.667087286201003 0 0 0 0.444059513840295 0.444059513840295 0 0 0 0 0 0.434526745666663 0 0 0 0 0 0.00458857673821023 0 0 0 0.0667133171968385 0 0 0.444059513840295 0 0.0573663863811042 0 0.210946049809001 0.667087286201003 0 0 0 0.444059513840295 0.667087286201003 0 0 0.434526745666663 0 0 0.0573663863811042 0 0.210946049809001 0 0 0 0
0.440502703190926 1 0.559585037612418 0.440414962387582 0.440414962387582 0.87934865356576 -0.87934865356576 -0.870873924207429 0.870873924207429 0.254936065341092 0 0 0.00575992567837834 0.00575992567837834 0.00575992567837834 0 -0.00575992567837834 0.00132127327389324 0.00132127327389324 -0.00132127327389324 0.152312873382279 0.152312873382279 0.152312873382279 0.0830337673062283 0.0756738622727448 -0.0756738622727448 0 -0.0692791060760506 0 0.0692791060760506 0.0692791060760506 0.0692791060760506 0.164467555257351 0 0 0.681219597166488 0 0 0 0.453398020670701 0.453398020670701 0 0 0 0 0 0.446515528831886 0 0 0 0 0 0.00516122372614547 0 0 0 0.0692791060760506 0 0 0.453398020670701 0 0.0645256190242706 0 0.214232074424846 0.681219597166488 0 0 0 0.453398020670701 0.681219597166488 0 0 0.446515528831886 0 0 0.0645256190242706 0 0.214232074424846 0 0 0 0
0.436082559977186 1 0.566431788205378 0.433568211794622 0.433568211794622 0.864555533110734 -0.864555533110734 -0.856751072400394 0.856751072400394 0.25180793041577 0 0 0.00165405135639341 0.00165405135639341 0.00165405135639341 -0.0024335468231995 -0.0040875981795929 0 0 -0.0024335468231995 0.151217367539242 0.151217367539242 0.151217367539242 0.0837672445548201 0.0769894364105184 -0.0769894364105184 0 -0.067450122984422 0 0.067450122984422 0.067450122984422 0.067450122984422 0.162410732321732 0 0 0.671145596920042 0 0 0 0.446741209881531 0.446741209881531 0 0 0 0 0 0.437969509369393 0 0 0 0 0 0.00475302113906152 0 0 0 0.067450122984422 0 0 0.446741209881531 0 0.0594222702805471 0 0.211889682379362 0.671145596920042 0 0 0 0.446741209881531 0.671145596920042 0 0 0.437969509369393 0 0 0.0594222702805471 0 0.211889682379362 0 0 0 0
0.498771809604133 1 0.496009699014285 0.503990300985715 0.503990300985715 1.00765378735965 -1.00765378735965 -0.990343155342365 0.990343155342365 0.282831690474935 0 0 0.0198618944705076 0.0198618944705076 0.0198618944705076 0.00539771229771757 -0.01446418217279 0.00539771229771757 0.00539771229771757 0 0.153413104211692 0.153413104211692 0.153413104211692 0.153413104211692 0.138379632070002 -0.138379632070002 0.138379632070002 0.138379632070002 0 0 0 0 0.178240472299826 0.138379632070002 0 0.89903536977492 0 0 0 0.732897580517632 0.732897580517632 0 0 0 0 0 0.519150282009383 0 0 0 0 0 0.0105424068314796 0 0 0 -0.138379632070002 0 0 0.732897580517632 0 0.131801170207158 0 0 0.89903536977492 0.271793790522376 0 0.271793790522376 0.732897580517632 0.89903536977492 0 0 0.519150282009383 0 0 0.131801170207158 0 0 0 0 0 0
0.476263425616372 1 0.528213895777437 0.471786104222563 0.471786104222563 0.938976394613672 -0.938976394613672 -0.925078924427216 0.925078924427216 0.268233023842371 0 0 0.00294538344999196 0.00294538344999196 0.00294538344999196 -0.0043334377195284 -0.00727882116952036 0 0 -0.0043334377195284 0.149165051501892 0.149165051501892 0.149165051501892 0.149165051501892 0.137095750353361 -0.137095750353361 0.137095750353361 0.137095750353361 0 0 0 0 0.169097172262613 0.137095750353361 0 0.851774424253709 0 0 0 0.692393631877851 0.692393631877851 0 0 0 0 0 0.479623532598116 0 0 0 0 0 0.00846374554595391 0 0 0 -0.137095750353361 0 0 0.692393631877851 0 0.105813746815516 0 0 0.851774424253709 0.257204763395993 0 0.257204763395993 0.692393631877851 0.851774424253709 0 0 0.479623532598116 0 0 0.105813746815516 0 0 0 0 0 0
0.486286771264659 1 0.513872848652151 0.486127151347849 0.486127151347849 0.969559542923674 -0.969559542923674 -0.954142136841216 0.954142136841216 0.274734045050374 0 0 0.0104785780682234 0.0104785780682234 0.0104785780682234 0 -0.0104785780682234 0.00240368815901899 0.00240368815901899 -0.00240368815901899 0.15105677774335 0.15105677774335 0.15105677774335 0.15105677774335 0.137667483545064 -0.137667483545064 0.137667483545064 0.137667483545064 0 0 0 0 0.17316883092495 0.137667483545064 0 0.87282048393003 0 0 0 0.71043069209318 0.71043069209318 0 0 0 0 0 0.49722543026957 0 0 0 0 0 0.00938940687116795 0 0 0 -0.137667483545064 0 0 0.71043069209318 0 0.117386364703342 0 0 0.87282048393003 0.263701491976752 0 0.263701491976752 0.71043069209318 0.87282048393003 0 0 0.49722543026957 0 0 0.117386364703342 0 0 0 0 0 0
0.438141895333438 1 0.557273964864189 0.442726035135811 0.442726035135811 0.885164982728443 -0.885164982728443 -0.869958603828451 0.869958603828451 0.370009538715144 0 0 0.017447513914485 0.017447513914485 0.017447513914485 0.00474157490669655 -0.0127059390077884 0.00474157490669655 0.00474157490669655 0 0.134764449301266 0.134764449301266 0.134764449301266 0.134764449301266 0.121558422315037 -0.121558422315037 0.121558422315037 0.121558422315037 0.121558422315037 0 0 0 0.0350154193793352 0 0 0.789750048619664 0 0 0.789750048619664 0.643807706911401 0.643807706911401 0 0 0 0 0 0.456043192783916 0 0 0 0 0 0.00926088848964169 0 0 0 -0.121558422315037 0 0 0.643807706911401 0 0.1157796278975 0 0 0 1.02850501477112 0 1.02850501477112 0.643807706911401 0 0 0 0.456043192783916 0 0 0.1157796278975 0 0 0 0 0 0.789750048619664
0.694756187793875 1 0.165749337661408 0.834250662338592 0.834250662338592 1.73027185717354 -1.73027185717354 -1.68324223691434 1.68324223691434 0.434871231830441 0 0 0.241936176814569 0.241936176814569 0.241936176814569 0.139981382915245 -0.101954793899325 0.0773229586843927 0.0773229586843927 0.0626584242308519 0.215328066448672 0.215328066448672 0.215328066448672 0.0408430197866196 0 0 0 -0.174485046662052 0 0.174485046662052 0.174485046662052 0.174485046662052 0.282779196601189 0 0 1.26069169630284 0 0 0 0.836308088884645 0.836308088884645 0 0 0 0 0 0.938095806382318 0 0 0 0 0 0.0286416688545719 0 0 0 0.174485046662052 0 0 0.836308088884645 0 0.358078144019858 0 0.348970093324104 1.26069169630284 0 0 0 0.836308088884645 1.26069169630284 0 0 0.938095806382318 0 0 0.358078144019858 0 0.348970093324104 0 0 0 0
0.575559610705596 1 0.418418491484185 0.581581508515815 0.581581508515815 1.16278588807786 -1.16278588807786 -1.1428102189781 1.1428102189781 0.172420924574209 0 0 0.0229197080291971 0.0229197080291971 0.0229197080291971 0.00622871046228711 -0.01669099756691 0.00622871046228711 0.00622871046228711 0 0.177031630170316 0.177031630170316 0.177031630170316 0.177031630170316 0.159683698296837 -0.159683698296837 0 -0.153953771289538 -0.153953771289538 0.153953771289538 0 0 0.35963503649635 0 0 0.723807785888078 0 0 0 0.532092457420925 0.532092457420925 0 0 0 0 0 0.599075425790754 0 0 0 0 0 0.0121654501216545 0 0 0 0.153953771289538 0 0 0.532092457420925 0 0.152092457420925 0 0.313637469586375 0.723807785888078 0 0 0 0.532092457420925 0.723807785888078 0 0 0.599075425790754 0 0 0.152092457420925 0 0.313637469586375 0 0 0 0
0.394765372775734 1 0.608412042946167 0.391587957053833 0.391587957053833 0.779914407988588 -0.779914407988588 -0.770051805691118 0.770051805691118 0.36713567084616 0 0 0.00209024701554171 0.00209024701554171 0.00209024701554171 -0.00307530595390044 -0.00516555296944215 0 0 -0.00307530595390044 0.128568210826639 0.128568210826639 0.128568210826639 0.105857797131917 0.0972925895337488 -0.0972925895337488 0.120003003228471 0.120003003228471 0.142713416923192 0 0.0227104136947218 0.0227104136947218 0 0 0 0.740740295818004 0 0 0.740740295818004 0.582211877768601 0.582211877768601 0 0 0 0 0 0.397149936181395 0 0 0 0 0 0.0060064569412118 0 0 0 -0.120003003228471 0 0 0.582211877768601 0 0.07509272467903 0 0 0 0.945980929499212 0 0.945980929499212 0.582211877768601 0 0 0 0.397149936181395 0 0 0.07509272467903 0 0 0 0 0 0.740740295818004
0.535411883552208 1 0.471576820644687 0.528423179355313 0.528423179355313 1.05079437964919 -1.05079437964919 -1.03571494168427 1.03571494168427 0.167646248507668 0 0 0 0 0 -0.00683258334098631 -0.00683258334098631 -0.00106529525208926 -0.00106529525208926 -0.00576728808889705 0.168243181192029 0.168243181192029 0.168243181192029 0.168243181192029 0.155147396455138 -0.155147396455138 0 -0.133520066121774 -0.133520066121774 0.133520066121774 0 0 0.323390577647167 0 0 0.667508494811277 0 0 0 0.488180732849665 0.488180732849665 0 0 0 0 0 0.535861878960418 0 0 0 0 0 0.00918357975939021 0 0 0 0.133520066121774 0 0 0.488180732849665 0 0.114813114151896 0 0.288667462576912 0.667508494811277 0 0 0 0.488180732849665 0.667508494811277 0 0 0.535861878960418 0 0 0.114813114151896 0 0.288667462576912 0 0 0 0
0.476263425616372 1 0.528213895777437 0.471786104222563 0.471786104222563 0.938976394613672 -0.938976394613672 -0.925078924427216 0.925078924427216 0.268233023842371 0 0 0.00294538344999196 0.00294538344999196 0.00294538344999196 -0.0043334377195284 -0.00727882116952036 0 0 -0.0043334377195284 0.149165051501892 0.149165051501892 0.149165051501892 0.149165051501892 0.137095750353361 -0.137095750353361 0.137095750353361 0.137095750353361 0 0 0 0 0.169097172262613 0.137095750353361 0 0.851774424253709 0 0 0.851774424253709 0.692393631877851 0.692393631877851 0 0 0 0 0 0.479623532598116 0 0 0 0 0 0.00846374554595391 0 0 0 -0.137095750353361 0 0 0.692393631877851 0 0.105813746815516 0 0 0 1.1089791876497 0 1.1089791876497 0.692393631877851 0 0 0 0.479623532598116 0 0 0.105813746815516 0 0 0 0 0 0.851774424253709
0.498771809604133 1 0.496009699014285 0.503990300985715 0.503990300985715 1.00765378735965 -1.00765378735965 -0.990343155342365 0.990343155342365 0.282831690474935 0 0 0.0198618944705076 0.0198618944705076 0.0198618944705076 0.00539771229771757 -0.01446418217279 0.00539771229771757 0.00539771229771757 0 0.153413104211692 0.153413104211692 0.153413104211692 0.153413104211692 0.138379632070002 -0.138379632070002 0.138379632070002 0.138379632070002 0 0 0 0 0.178240472299826 0.138379632070002 0 0.89903536977492 0 0 0.89903536977492 0.732897580517632 0.732897580517632 0 0 0 0 0 0.519150282009383 0 0 0 0 0 0.0105424068314796 0 0 0 -0.138379632070002 0 0 0.732897580517632 0 0.131801170207158 0 0 0 1.1708291602973 0 1.1708291602973 0.732897580517632 0 0 0 0.519150282009383 0 0 0.131801170207158 0 0 0 0 0 0.89903536977492
0.472344424730007 1 0.533821063121309 0.466178936878691 0.466178936878691 0.92701877192556 -0.92701877192556 -0.913715577376467 0.913715577376467 0.265691207090716 0 0 0 0 0 -0.0060277568480665 -0.0060277568480665 -0.000939811551580261 -0.000939811551580261 -0.00508794529648624 0.148425410559917 0.148425410559917 0.148425410559917 0.148425410559917 0.136872209934456 -0.136872209934456 0.136872209934456 0.136872209934456 0 0 0 0 0.16750520542174 0.136872209934456 0 0.843545682133048 0 0 0.843545682133048 0.685341370342464 0.685341370342464 0 0 0 0 0 0.472741414092312 0 0 0 0 0 0.00810182372051949 0 0 0 -0.136872209934456 0 0 0.685341370342464 0 0.101289000153935 0 0 0 1.09821030714014 0 1.09821030714014 0.685341370342464 0 0 0 0.472741414092312 0 0 0.101289000153935 0 0 0 0 0 0.843545682133048
0.541275490573297 1 0.463813005001924 0.536186994998076 0.536186994998076 1.06715082724125 -1.06715082724125 -1.05135629088111 1.05135629088111 0.168343593689881 0 0 0.00334744132358599 0.00334744132358599 0.00334744132358599 -0.00492497114274721 -0.0082724124663332 0 0 -0.00492497114274721 0.169526741054252 0.169526741054252 0.169526741054252 0.169526741054252 0.15580992689496 -0.15580992689496 0 -0.136504424778761 -0.136504424778761 0.136504424778761 0 0 0.328684109272797 0 0 0.675731050404002 0 0 0 0.494594074644094 0.494594074644094 0 0 0 0 0 0.545094267025779 0 0 0 0 0 0.00961908426317815 0 0 0 0.136504424778761 0 0 0.494594074644094 0 0.120257791458253 0 0.292314351673721 0.675731050404002 0 0 0 0.494594074644094 0.675731050404002 0 0 0.545094267025779 0 0 0.120257791458253 0 0.292314351673721 0 0 0 0
0.486286771264659 1 0.513872848652151 0.486127151347849 0.486127151347849 0.969559542923674 -0.969559542923674 -0.954142136841216 0.954142136841216 0.274734045050374 0 0 0.0104785780682234 0.0104785780682234 0.0104785780682234 0 -0.0104785780682234 0.00240368815901899 0.00240368815901899 -0.00240368815901899 0.15105677774335 0.15105677774335 0.15105677774335 0.15105677774335 0.137667483545064 -0.137667483545064 0.137667483545064 0.137667483545064 0 0 0 0 0.17316883092495 0.137667483545064 0 0.87282048393003 0 0 0.87282048393003 0.71043069209318 0.71043069209318 0 0 0 0 0 0.49722543026957 0 0 0 0 0 0.00938940687116795 0 0 0 -0.137667483545064 0 0 0.71043069209318 0 0.117386364703342 0 0 0 1.13652197590678 0 1.13652197590678 0.71043069209318 0 0 0 0.49722543026957 0 0 0.117386364703342 0 0 0 0 0 0.87282048393003
0.42744191804564 1 0.572698386497751 0.427301613502249 0.427301613502249 0.852234556183716 -0.852234556183716 -0.838682787933809 0.838682787933809 0.362497420872364 0 0 0.00921058061321338 0.00921058061321338 0.00921058061321338 0 -0.00921058061321338 0.00211282135930343 0.00211282135930343 -0.00211282135930343 0.132777617298725 0.132777617298725 0.132777617298725 0.132777617298725 0.12100854207073 -0.12100854207073 0.12100854207073 0.12100854207073 0.12100854207073 0 0 0 0.0312053810918995 0 0 0.767201749680188 0 0 0.767201749680188 0.624462509800685 0.624462509800685 0 0 0 0 0 0.437056905872158 0 0 0 0 0 0.00825320843477902 0 0 0 -0.12100854207073 0 0 0.624462509800685 0 0.103181611851607 0 0 0 0.998993108570957 0 0.998993108570957 0.624462509800685 0 0 0 0.437056905872158 0 0 0.103181611851607 0 0 0 0 0 0.767201749680188
0.418841971283746 1 0.585095534763936 0.414904465236064 0.414904465236064 0.825767218215245 -0.825767218215245 -0.813545318536052 0.813545318536052 0.356459668475389 0 0 0.00259026862872072 0.00259026862872072 0.00259026862872072 -0.00381096993650864 -0.00640123856522936 0 0 -0.00381096993650864 0.131180730783259 0.131180730783259 0.131180730783259 0.131180730783259 0.120566584046029 -0.120566584046029 0.120566584046029 0.120566584046029 0.120566584046029 0 0 0 0.0281431197850375 0 0 0.749078891543666 0 0 0.749078891543666 0.608914096867115 0.608914096867115 0 0 0 0 0 0.421796961644672 0 0 0 0 0 0.00744330065724345 0 0 0 -0.120566584046029 0 0 0.608914096867115 0 0.0930561448168576 0 0 0 0.975273355216637 0 0.975273355216637 0.608914096867115 0 0 0 0.421796961644672 0 0 0.0930561448168576 0 0 0 0 0 0.749078891543666
0.556413837559089 1 0.443768801031371 0.556231198968629 0.556231198968629 1.10937902879244 -1.10937902879244 -1.09173828964332 1.09173828964332 0.170143962183068 0 0 0.0119896862913623 0.0119896862913623 0.0119896862913623 0 -0.0119896862913623 0.00275032230339493 0.00275032230339493 -0.00275032230339493 0.172840567253975 0.172840567253975 0.172840567253975 0.172840567253975 0.157520412548346 -0.157520412548346 0 -0.144209282337774 -0.144209282337774 0.144209282337774 0 0 0.342350666093683 0 0 0.696959604641169 0 0 0 0.511151697464547 0.511151697464547 0 0 0 0 0 0.568929952728835 0 0 0 0 0 0.0107434464976364 0 0 0 0.144209282337774 0 0 0.511151697464547 0 0.134314568113451 0 0.301729694886119 0.696959604641169 0 0 0 0.511151697464547 0.696959604641169 0 0 0.568929952728835 0 0 0.134314568113451 0 0.301729694886119 0 0 0 0
